300	20.0845	30.0000	0.0711	0.0000	0.0000	0.0034	0.0000	0.0000	0.7427
301	21.3114	30.4000	0.0440	0.0000	0.0000	0.0155	0.0000	0.0000	1.2493
302	22.6105	30.8000	0.0591	0.0000	0.0000	0.0072	0.0000	0.0000	1.9026
303	23.8015	31.2000	0.0022	0.0000	0.0000	0.0034	0.0000	0.0000	2.9265
304	24.8872	31.6000	0.0229	0.0000	0.0000	0.0034	0.0000	0.0000	3.9114
305	26.0250	32.0000	0.0026	0.0000	0.0000	0.0029	0.0000	0.0000	5.5318
306	27.1209	32.4000	0.0199	0.0000	0.0000	0.0040	0.0000	0.0000	6.9519
307	28.1860	32.8000	0.0478	0.0000	0.0000	0.0067	0.0000	0.0000	8.9063
308	29.2611	33.2000	0.0009	0.0000	0.0000	0.0020	0.0000	0.0000	10.9727
309	30.3336	33.6000	0.0023	0.0000	0.0000	0.0014	0.0000	0.0000	12.6940
310	31.3374	34.0000	0.0006	0.0000	0.0000	0.0026	0.0000	0.0000	15.5226
311	32.3691	34.4000	0.0229	0.0000	0.0000	0.0054	0.0000	0.0000	17.2072
312	33.2685	34.8000	0.0131	0.0000	0.0000	0.0035	0.0000	0.0000	19.7183
313	34.3012	35.2000	0.0051	0.0000	0.0000	0.0023	0.0000	0.0000	22.1687
314	35.1689	35.6000	0.0045	0.0000	0.0000	0.0029	0.0000	0.0000	23.8384
315	36.2058	36.0000	0.0030	0.0000	0.0000	0.0040	0.0000	0.0000	26.7292
316	37.1314	36.4000	0.0038	0.0000	0.0000	0.0065	0.0000	0.0000	27.9966
317	38.0258	36.8000	0.0305	0.0000	0.0000	0.0039	0.0000	0.0000	30.4818
318	38.9244	37.2000	0.0802	0.0000	0.0000	0.0022	0.0000	0.0000	31.6538
319	39.8760	37.6000	0.1594	0.0000	0.0000	0.0034	0.0000	0.0000	34.8492
320	40.7589	38.0000	0.2336	0.0000	0.0000	0.0066	0.0000	0.0000	34.7636
321	41.5292	38.4000	0.3360	0.0000	0.0000	0.0047	0.0000	0.0000	38.3166
322	42.4219	38.8000	2.1380	0.0000	0.0000	0.0041	0.0000	0.0000	38.2037
323	43.2182	39.2000	4.0633	0.0000	0.0000	0.0040	0.0000	0.0000	39.4385
324	44.0062	39.6000	3.6551	0.0000	0.0000	0.0037	0.0000	0.0000	42.5301
325	44.7285	40.0000	5.0441	0.0000	0.0000	0.0045	0.0000	0.0000	41.4216
326	45.4494	40.4000	5.6614	0.0000	0.0000	0.0057	0.0000	0.0000	43.6783
327	46.1461	40.8000	4.4057	0.0000	0.0000	0.0036	0.0000	0.0000	45.2312
328	46.8174	41.2000	8.6718	0.0000	0.0000	0.0026	0.0000	0.0000	44.3907
329	47.5287	41.6000	12.4516	0.0000	0.0000	0.0042	0.0000	0.0000	46.8674
330	48.1514	42.0000	10.3972	0.0000	0.0000	0.0051	0.0000	0.0000	47.6869
331	48.7565	42.4000	13.9080	0.0000	0.0000	0.0034	0.0000	0.0000	47.1491
332	49.3383	42.8000	11.6856	0.0000	0.0000	0.0042	0.0000	0.0000	48.8789
333	49.8710	43.2000	11.9397	0.0000	0.0000	0.0046	0.0000	0.0000	49.7490
334	50.4061	43.6000	15.5791	0.0000	0.0000	0.0064	0.0000	0.0000	49.5238
335	50.9222	44.0000	17.4618	0.0000	0.0000	0.0039	0.0000	0.0000	50.9682
336	51.4272	44.4000	16.8711	0.0000	0.0000	0.0050	0.0000	0.0000	51.6619
337	51.8592	44.8000	17.3255	0.0000	0.0000	0.0077	0.0000	0.0000	51.4941
338	52.3017	45.2000	17.1156	0.0000	0.0000	0.0115	0.0000	0.0000	52.1715
339	52.6718	45.6000	19.9183	0.0000	0.0000	0.0071	0.0000	0.0000	53.1377
340	53.0404	46.0000	20.0250	0.0000	0.0000	0.0105	0.0000	0.0000	53.3153
341	53.4663	46.4000	22.2150	0.0000	0.0000	0.0131	0.0000	0.0000	53.8473
342	53.8953	46.8000	22.6901	0.0000	0.0000	0.0090	0.0000	0.0000	54.5412
343	54.2311	47.2000	22.4014	0.0000	0.0000	0.0120	0.0000	0.0000	54.9275
344	54.5651	47.6000	24.9055	0.0000	0.0000	0.0298	0.0000	0.0000	55.0742
345	54.9724	48.0000	25.4116	0.0000	0.0000	0.0669	0.0000	0.0000	55.6503
346	55.2115	48.4000	24.8796	0.0000	0.0000	0.0201	0.0000	0.0000	56.2023
347	55.5826	48.8000	26.7798	0.0000	0.0000	0.0267	0.0000	0.0000	56.6174
348	55.8904	49.2000	27.0033	0.0000	0.0000	0.0794	0.0000	0.0000	56.9871
349	56.2337	49.6000	26.8513	0.0000	0.0000	0.0601	0.0000	0.0000	57.4468
350	56.4704	50.0000	27.9926	0.0000	0.0000	0.0275	0.0000	0.0000	57.8458
351	56.8152	50.4000	27.9980	0.0000	0.0000	0.0694	0.0000	0.0000	58.1932
352	57.0118	50.8000	28.7205	0.0000	0.0000	0.0214	0.0000	0.0000	58.5222
353	57.2897	51.2000	28.8734	0.0000	0.0000	0.0200	0.0000	0.0000	58.9633
354	57.6176	51.6000	29.1219	0.0000	0.0000	0.0614	0.0000	0.0000	59.3276
355	57.9541	52.0000	29.5820	0.0000	0.0000	0.0661	0.0000	0.0000	59.6906
356	58.2022	52.4000	30.1064	0.0000	0.0000	0.0172	0.0000	0.0000	60.0587
357	58.4848	52.8000	30.4586	0.0000	0.0000	0.0110	0.0000	0.0000	60.3832
358	58.7801	53.2000	30.9357	0.0000	0.0000	0.0095	0.0000	0.0000	60.7541
359	59.0778	53.6000	31.3438	0.0000	0.0000	0.0092	0.0000	0.0000	61.1277
360	59.3778	54.0000	31.6088	0.0000	0.0000	0.0109	0.0000	0.0000	61.4680
361	59.6306	54.4000	31.5596	0.0000	0.0000	0.0143	0.0000	0.0000	61.8048
362	59.8747	54.8000	32.1209	0.0000	0.0000	0.0136	0.0000	0.0000	62.1554
363	60.1902	55.2000	32.8824	0.0000	0.0000	0.0115	0.0000	0.0000	62.5008
364	60.5071	55.6000	32.8740	0.0000	0.0000	0.0094	0.0000	0.0000	62.8364
365	60.7543	56.0000	33.6947	0.0000	0.0000	0.0093	0.0000	0.0000	63.1466
366	61.0305	56.4000	33.5051	0.0000	0.0000	0.0119	0.0000	0.0000	63.4955
367	61.3568	56.8000	34.0882	0.0000	0.0000	0.0196	0.0000	0.0000	63.8283
368	61.6659	57.2000	34.6226	0.0000	0.0000	0.0386	0.0000	0.0000	64.1474
369	61.9257	57.6000	34.8931	0.0000	0.0000	0.0580	0.0000	0.0000	64.4715
370	62.2133	58.0000	35.5367	0.0000	0.0000	0.0658	0.0000	0.0000	64.7900
371	62.4585	58.4000	36.1643	0.0000	0.0000	0.0846	0.0000	0.0000	65.1056
372	62.7885	58.8000	36.2244	0.0000	0.0000	0.1333	0.0000	0.0000	65.3933
373	63.0214	59.2000	36.6616	0.0000	0.0000	0.0330	0.0000	0.0000	65.7156
374	63.3510	59.6000	37.2944	0.0000	0.0000	0.0264	0.0000	0.0000	66.0302
375	63.6014	60.0000	37.3393	0.0000	0.0000	0.0383	0.0000	0.0000	66.3261
376	63.8512	60.4000	38.1305	0.0000	0.0000	0.0467	0.0000	0.0000	66.6004
377	64.1951	60.8000	38.2737	0.0000	0.0000	0.0692	0.0000	0.0000	66.9183
378	64.3943	61.2000	39.1065	0.0000	0.0000	0.1366	0.0000	0.0000	67.2309
379	64.7110	61.6000	39.7537	0.0000	0.0000	0.1360	0.0000	0.0000	67.5050
380	64.9182	62.0000	39.7591	0.0000	0.0000	0.0931	0.0000	0.0000	67.7731
381	65.1746	62.4000	40.1433	0.0000	0.0000	0.0466	0.0000	0.0000	68.0695
382	65.3747	62.8000	40.9741	0.0000	0.0000	0.0479	0.0000	0.0000	68.3632
383	65.6499	63.2000	40.9032	0.0000	0.0000	0.0686	0.0000	0.0000	68.6496
384	65.8633	63.6000	41.1103	0.0000	0.0000	0.0618	0.0000	0.0000	68.9120
385	66.1094	64.0000	41.6039	0.6081	0.1357	0.0489	0.0032	0.0001	69.1844
386	66.4037	64.4000	42.0661	0.9120	0.1204	0.0921	0.0041	0.0001	69.4674
387	66.6103	64.8000	41.9282	1.5290	0.0897	0.0860	0.0010	0.0002	69.7333
388	66.7060	65.2000	42.6588	2.9662	0.0726	0.0599	0.0041	0.0009	69.9951
389	66.9181	65.6000	43.3711	4.0271	0.0694	0.0490	0.0005	0.0169	70.2555
390	67.2295	66.0000	43.5191	4.0133	0.0794	0.0715	0.0013	0.1168	70.5185
391	67.3637	66.4000	43.1835	4.7218	0.1038	0.0750	0.0026	0.0002	70.7768
392	67.5449	66.8000	43.9095	6.5261	0.1267	0.0224	0.0179	0.0001	71.0271
393	67.7939	67.2000	43.6329	8.5657	0.1120	0.0146	0.0009	0.0001	71.3043
394	67.8864	67.6000	44.5436	10.5031	0.0863	0.0085	0.0054	0.0001	71.5638
395	68.0670	68.0000	44.1573	13.0557	0.0791	0.0051	0.0232	0.0003	71.7968
396	68.1995	68.4000	36.0883	15.0241	0.0930	0.0066	0.0026	0.0081	72.0371
397	68.3747	68.8000	29.3250	15.4890	0.1152	0.0132	0.0608	0.0041	72.2991
398	68.4472	69.2000	32.7990	17.6746	0.1116	0.0128	0.0055	0.0003	72.5112
399	68.5944	69.6000	34.5164	21.5930	0.0825	0.0109	0.0061	0.0001	72.7650
400	68.6821	70.0000	27.4712	25.0330	0.0601	0.0118	0.0013	0.0001	72.9800
401	68.8722	70.0500	27.4781	27.8737	0.0522	0.0055	0.0016	0.0001	73.2208
402	69.0259	70.1000	28.6196	29.9595	0.0565	0.0021	0.0078	0.0001	73.4814
403	69.0907	70.1500	16.2893	30.3206	0.0751	0.0013	0.0152	0.0002	73.7270
404	69.1762	70.2000	11.7476	31.5536	0.1065	0.0014	0.0063	0.0001	73.9347
405	69.2118	70.2500	11.8588	34.6709	0.1084	0.0021	0.0035	0.0001	74.1455
406	69.3674	70.3000	11.8475	37.6652	0.0752	0.0018	0.0029	0.0001	74.3976
407	69.4279	70.3500	4.6105	39.5917	0.0531	0.0021	0.0009	0.0002	74.6406
408	69.4850	70.4000	2.6043	41.6863	0.0474	0.0025	0.0018	0.0003	74.8096
409	69.5778	70.4500	5.2756	43.4281	0.0574	0.0015	0.0025	0.0005	75.0163
410	69.5920	70.5000	3.7359	44.0665	0.0867	0.0007	0.0160	0.0017	75.2345
411	69.6451	70.5500	0.9894	45.2356	0.1057	0.0005	0.0034	0.0216	75.4599
412	69.6795	70.6000	0.5088	47.3032	0.1370	0.0006	0.0025	0.0048	75.6980
413	69.6911	70.6500	0.4238	48.6134	0.1136	0.0008	0.0060	0.0071	75.8571
414	69.8412	70.7000	0.2856	48.8088	0.0703	0.0016	0.0067	0.0148	76.0753
415	69.8818	70.7500	0.0927	48.7205	0.0525	0.0031	0.0166	0.0036	76.3078
416	69.8887	70.8000	0.2547	48.6873	0.0526	0.0018	0.1011	0.0005	76.5383
417	69.8626	70.8500	0.4944	48.6056	0.0723	0.0007	0.0166	0.0445	76.7306
418	69.9529	70.9000	0.0214	48.7371	0.1220	0.0004	0.0155	0.0015	76.9102
419	69.9462	70.9500	0.0140	49.0006	0.1444	0.0004	0.0543	0.0023	77.1022
420	70.0060	71.0000	0.0054	49.3500	0.0966	0.0004	0.1643	0.0011	77.2834
421	70.0612	71.0500	0.0010	49.4837	0.0620	0.0005	0.1168	0.0027	77.4727
422	70.0499	71.1000	0.0037	49.2572	0.0573	0.0005	0.0018	0.0538	77.6597
423	70.1083	71.1500	0.0131	49.0548	0.1124	0.0006	0.0010	0.0034	77.8468
424	70.0963	71.2000	0.0045	49.0736	0.1242	0.0005	0.0032	0.0003	78.0017
425	70.1196	71.2500	0.0107	49.2445	0.1168	0.0004	0.0135	0.0002	78.1969
426	70.1718	71.3000	0.0049	49.3715	0.3351	0.0004	0.0053	0.0004	78.4328
427	70.2645	71.3500	0.0032	49.5986	0.7730	0.0005	0.0121	0.1027	78.5815
428	70.2829	71.4000	0.0007	49.8480	0.2137	0.0008	0.0018	0.0002	78.7400
429	70.3101	71.4500	0.0057	49.8790	0.0969	0.0014	0.0164	0.0001	78.9679
430	70.3256	71.5000	0.0095	49.6928	0.0742	0.0022	0.0006	0.0001	79.1343
431	70.3339	71.5500	0.0017	49.6449	0.0961	0.0022	0.0114	0.0001	79.2670
432	70.4436	71.6000	0.0019	49.8106	0.2853	0.0017	0.0114	0.0000	79.4786
433	70.4061	71.6500	0.0071	49.7318	0.3763	0.0015	0.0014	0.0000	79.6414
434	70.4632	71.7000	0.0012	49.6594	0.3140	0.0016	0.0004	0.0000	79.7759
435	70.4955	71.7500	0.0031	49.7728	0.1034	0.0020	0.0009	0.0001	79.9041
436	70.5192	71.8000	0.0085	49.9491	0.0779	0.0025	0.0001	0.0023	80.1062
437	70.5530	71.8500	0.0001	49.9394	0.1124	0.0033	0.0001	0.0047	80.3197
438	70.5946	71.9000	0.0000	49.8963	0.3975	0.0035	0.0000	0.0001	80.4956
439	70.6345	71.9500	0.0000	50.0538	0.7125	0.0029	0.0000	0.0000	80.5510
440	70.6706	72.0000	0.0000	50.2420	0.1107	0.0027	0.0000	0.0000	80.7144
441	70.7100	72.0500	0.0000	50.2395	0.3160	0.0025	0.0000	0.0000	80.9327
442	70.7638	72.1000	0.0001	50.2249	0.0360	0.0033	0.0000	0.0000	81.0962
443	70.9294	72.1500	0.0001	50.4611	0.0214	0.0064	0.0001	0.0000	81.2069
444	70.9298	72.2000	0.0002	50.5551	0.0206	0.0091	0.0044	0.0001	81.3507
445	70.9633	72.2500	0.0004	50.4514	0.0276	0.0048	0.0000	0.0004	81.4360
446	71.0048	72.3000	0.0005	50.3648	0.0562	0.0029	0.0000	0.0013	81.6393
447	71.1280	72.3500	0.0000	50.6250	0.2939	0.0022	0.0000	0.0002	81.8420
448	71.1734	72.4000	0.0000	50.9664	0.3887	0.0022	0.0000	0.0001	81.9159
449	71.2083	72.4500	0.0003	51.1285	0.1006	0.0031	0.0000	0.0005	82.0558
450	71.3248	72.5000	0.0000	51.2192	0.0229	0.0042	0.0000	0.0000	82.2643
451	71.3678	72.5500	0.0001	51.3627	0.0101	0.0049	0.0000	0.0000	82.3970
452	71.3909	72.6000	0.0006	51.5701	0.0057	0.0039	0.0000	0.0000	82.5376
453	71.5049	72.6500	0.0023	51.6947	0.0037	0.0038	0.0000	0.0000	82.6696
454	71.5731	72.7000	0.0000	51.6214	0.0026	0.0030	0.0000	0.0002	82.8240
455	71.6348	72.7500	0.0000	51.5904	0.0019	0.0021	0.0000	0.0026	82.9593
456	71.7665	72.8000	0.0001	51.7489	0.0015	0.0015	0.0000	0.1184	83.0765
457	71.8452	72.8500	0.0000	51.8822	0.0012	0.0013	0.0000	0.0000	83.2107
458	71.9661	72.9000	0.0000	51.9588	0.0009	0.0013	0.0000	0.0000	83.2828
459	72.0263	72.9500	0.0000	51.9645	0.0008	0.0016	0.0000	0.0001	83.3772
460	72.1358	73.0000	0.0000	52.0515	0.0007	0.0024	0.0000	0.0001	83.5048
461	72.2614	73.0500	0.0000	52.1673	0.0006	0.0046	0.0000	0.0001	83.5910
462	72.3378	73.1000	0.0000	52.2159	0.0005	0.0083	0.0000	0.0001	83.7314
463	72.3623	73.1500	0.0000	52.2225	0.0004	0.0050	0.0000	0.0002	83.8636
464	72.5081	73.2000	0.0000	52.3726	0.0004	0.0027	0.0000	0.0009	83.9468
465	72.5620	73.2500	0.0000	52.5325	0.0004	0.0019	0.0000	0.0066	84.1360
466	72.6760	73.3000	0.0000	52.7855	0.0004	0.0018	0.0000	0.0276	84.3218
467	72.8649	73.3500	0.0000	53.0715	0.0003	0.0027	0.0000	0.0029	84.4236
468	72.8997	73.4000	0.0000	53.1376	0.0003	0.0016	0.0000	0.0009	84.4942
469	72.9545	73.4500	0.0000	53.0911	0.0003	0.0011	0.0000	0.0008	84.6191
470	73.0977	73.5000	0.0000	53.0837	0.0003	0.0012	0.0000	0.0030	84.7342
471	73.1830	73.5500	0.0000	53.1354	0.0003	0.0022	0.0000	0.0034	84.8527
472	73.3140	73.6000	0.0000	53.3095	0.0004	0.0055	0.0000	0.0029	84.9669
473	73.4434	73.6500	0.0000	53.4396	0.0004	0.0045	0.0000	0.0032	85.0762
474	73.4956	73.7000	0.0000	53.3997	0.0004	0.0051	0.0000	0.0021	85.1453
475	73.6809	73.7500	0.0000	53.4385	0.0004	0.0025	0.0000	0.0018	85.2136
476	73.7528	73.8000	0.0000	53.4938	0.0004	0.0013	0.0000	0.0101	85.3221
477	73.9082	73.8500	0.0000	53.6691	0.0005	0.0008	0.0000	0.0059	85.4028
478	73.9614	73.9000	0.0000	53.7161	0.0006	0.0006	0.0000	0.0077	85.4639
479	74.0051	73.9500	0.0000	53.7027	0.0007	0.0005	0.0000	0.0028	85.4976
480	74.1537	74.0000	0.0000	53.8396	0.0009	0.0006	0.0000	0.0017	85.5299
481	74.2926	74.0500	0.0000	54.1020	0.0011	0.0011	0.0000	0.0013	85.6130
482	74.3475	74.1000	0.0000	54.3020	0.0014	0.0037	0.0000	0.0016	85.6922
483	74.4212	74.1500	0.0000	54.3503	0.0019	0.0044	0.0000	0.0023	85.8257
484	74.5496	74.2000	0.0000	54.2927	0.0027	0.0016	0.0000	0.0037	85.9595
485	74.6534	74.2500	0.0000	54.2605	0.0042	0.0009	0.0000	0.0064	86.0699
486	74.6891	74.3000	0.0000	54.3528	0.0068	0.0014	0.0000	0.0105	86.1883
487	74.8131	74.3500	0.0000	54.6119	0.0119	0.0006	0.0000	0.0026	86.3120
488	74.9435	74.4000	0.0000	54.8331	0.0207	0.0003	0.0000	0.0010	86.3946
489	74.9690	74.4500	0.0000	54.9046	0.0291	0.0002	0.0000	0.0013	86.4067
490	75.0972	74.5000	0.0000	55.0704	0.0274	0.0003	0.0000	0.0027	86.5145
491	75.2001	74.5500	0.0000	55.2873	0.0223	0.0008	0.0000	0.0044	86.6362
492	75.3431	74.6000	0.0000	55.5204	0.0216	0.0035	0.0000	0.0051	86.7249
493	75.3421	74.6500	0.0000	55.5458	0.0237	0.0054	0.0000	0.0039	86.7976
494	75.4511	74.7000	0.0000	55.5941	0.0198	0.0050	0.0000	0.0068	86.8513
495	75.5223	74.7500	0.0000	55.6781	0.0155	0.0008	0.0000	0.0049	86.9173
496	75.6746	74.8000	0.0001	55.9376	0.0144	0.0002	0.0000	0.0058	86.9782
497	75.6942	74.8500	0.0020	56.1302	0.0164	0.0001	0.0000	0.0171	87.0256
498	75.8512	74.9000	0.0024	56.3375	0.0227	0.0001	0.0000	0.0131	87.1005
499	75.8725	74.9500	0.0003	56.3396	0.0332	0.0001	0.0000	0.0071	87.1392
500	76.0115	75.0000	0.0002	56.4016	0.0403	0.0002	0.0000	0.0073	87.1455
501	76.0002	75.0700	0.0003	56.4066	0.0392	0.0003	0.0000	0.0194	87.1249
502	76.0921	75.1400	0.0014	56.5243	0.0309	0.0007	0.0000	0.0173	87.0784
503	76.1310	75.2100	0.0082	56.6079	0.0235	0.0015	0.0000	0.0095	87.0089
504	76.2292	75.2800	0.3789	56.7472	0.0196	0.0028	0.0000	0.0331	86.9270
505	76.3600	75.3500	0.0047	56.9530	0.0179	0.0040	0.0000	0.0307	87.0541
506	76.3226	75.4200	0.0045	57.0701	0.0175	0.0047	0.0000	0.0174	87.1387
507	76.4008	75.4900	0.0030	57.2576	0.0180	0.0031	0.0000	0.0047	87.2498
508	76.5803	75.5600	0.0012	57.4525	0.0193	0.0014	0.0000	0.0036	87.3626
509	76.5936	75.6300	0.0040	57.4486	0.0213	0.0008	0.0000	0.0052	87.5012
510	76.5853	75.7000	0.0074	57.3870	0.0241	0.0008	0.0000	0.0055	87.6062
511	76.6440	75.7700	0.0582	57.3628	0.0280	0.0008	0.0000	0.0014	87.7186
512	76.6444	75.8400	0.0319	57.2942	0.0330	0.0008	0.0000	0.0006	87.7979
513	76.7190	75.9100	0.0107	57.2942	0.0396	0.0008	0.0000	0.0004	87.8590
514	76.7848	75.9800	0.0095	57.3227	0.0481	0.0008	0.0000	0.0004	87.9281
515	76.8266	76.0500	0.3407	57.3786	0.0590	0.0010	0.0000	0.0004	87.9795
516	76.8298	76.1200	0.0126	57.4337	0.0729	0.0014	0.0000	0.0004	88.0322
517	76.9124	76.1900	0.0133	57.5517	0.0904	0.0018	0.0000	0.0006	88.0842
518	76.9985	76.2600	0.0102	57.6754	0.1124	0.0014	0.0000	0.0008	88.1177
519	76.9498	76.3300	0.0336	57.7139	0.1392	0.0010	0.0000	0.0011	88.1427
520	76.9809	76.4000	0.0269	57.8003	0.1719	0.0006	0.0000	0.0008	88.1813
521	77.0843	76.4700	0.0524	57.8383	0.2115	0.0005	0.0000	0.0007	88.2140
522	77.0679	76.5400	0.0535	57.6020	0.2584	0.0006	0.0000	0.0009	88.2363
523	77.0181	76.6100	0.0898	57.2030	0.3140	0.0006	0.0000	0.0018	88.2314
524	77.1146	76.6800	0.0302	56.9684	0.3808	0.0004	0.0000	0.0046	88.2103
525	77.1678	76.7500	0.0220	56.9603	0.4602	0.0003	0.0000	0.0051	88.1670
526	77.1482	76.8200	0.0083	57.2064	0.5542	0.0002	0.0000	0.0041	88.1325
527	77.2555	76.8900	0.0024	57.7081	0.6675	0.0002	0.0000	0.0049	88.1138
528	77.2012	76.9600	0.0026	58.0263	0.8024	0.0003	0.0000	0.0088	88.1033
529	77.3061	77.0300	0.0151	58.2917	0.9693	0.0004	0.0000	0.0169	88.0912
530	77.2642	77.1000	0.1043	58.3542	1.1764	0.0007	0.0000	0.0172	88.0880
531	77.2656	77.1700	0.1290	58.4939	1.4434	0.0009	0.0000	0.0093	88.0920
532	77.3746	77.2400	0.0722	58.7946	1.7967	0.0016	0.0000	0.0042	88.1065
533	77.3122	77.3100	0.0684	58.9564	2.2624	0.0058	0.0000	0.0028	88.1427
534	77.3724	77.3800	0.0316	59.0886	2.8865	0.0164	0.0000	0.0044	88.2017
535	77.3329	77.4500	0.0043	58.9912	3.7012	0.0096	0.0000	0.0048	88.2737
536	77.3714	77.5200	0.0007	58.8273	4.7415	0.0047	0.0001	0.0048	88.3504
537	77.3919	77.5900	0.0003	58.4448	5.9984	0.0047	0.0009	0.0059	88.4126
538	77.3106	77.6600	0.0002	57.5457	7.3990	0.0068	0.0316	0.0095	88.4485
539	77.3544	77.7300	0.0004	56.1193	8.8234	0.0123	0.0216	0.0176	88.4644
540	77.3876	77.8000	0.0030	54.1953	10.0817	0.0282	0.0031	0.0294	88.4770
541	77.3834	77.8700	0.0079	52.1397	11.0694	0.0060	0.0008	0.0212	88.4402
542	77.3909	77.9400	0.0003	50.2566	11.8723	0.0023	0.0003	0.0122	88.4295
543	77.3289	78.0100	0.0001	48.4591	12.7016	0.0019	0.0001	0.0064	88.4560
544	77.3355	78.0800	0.0000	46.7627	13.8417	0.0047	0.0001	0.0028	88.4520
545	77.4208	78.1500	0.0000	45.3164	15.5498	0.0243	0.0001	0.0018	88.4675
546	77.3924	78.2200	0.0000	43.9593	18.0311	0.1174	0.0001	0.0016	88.4690
547	77.3341	78.2900	0.0000	42.0532	21.5013	0.0581	0.0003	0.0018	88.5232
548	77.3175	78.3600	0.0000	38.8968	26.0016	0.0312	0.0002	0.0025	88.5640
549	77.3944	78.4300	0.0000	34.6838	31.1223	0.0069	0.0005	0.0034	88.6067
550	77.3507	78.5000	0.0000	30.2327	35.7768	0.0020	0.0022	0.0050	88.6494
551	77.3462	78.5700	0.0000	26.4532	39.0422	0.0014	0.0019	0.0103	88.6888
552	77.3640	78.6400	0.0000	23.6412	40.7960	0.0019	0.0043	0.0120	88.7127
553	77.3251	78.7100	0.0001	21.5960	41.6371	0.0050	0.0066	0.0066	88.7216
554	77.3701	78.7800	0.0000	19.7309	42.4104	0.0520	0.0149	0.0033	88.7392
555	77.3095	78.8500	0.0000	17.1779	43.5129	0.0115	0.0529	0.0026	88.7485
556	77.3746	78.9200	0.0000	13.6060	45.2792	0.0027	0.0136	0.0032	88.7470
557	77.3217	78.9900	0.0000	9.4927	47.6207	0.0013	0.0065	0.0018	88.7313
558	77.4095	79.0600	0.0000	5.9270	50.6876	0.0009	0.0063	0.0013	88.7023
559	77.3819	79.1300	0.0000	3.4629	54.1277	0.0008	0.0096	0.0014	88.6701
560	77.3917	79.2000	0.0005	1.9913	57.4240	0.0011	0.0122	0.0021	88.6298
561	77.3944	79.2700	0.0000	1.1617	59.7124	0.0029	0.0090	0.0044	88.5806
562	77.4099	79.3400	0.0000	0.6983	60.7019	0.0013	0.0294	0.0108	88.5335
563	77.3988	79.4100	0.0000	0.4348	60.8020	0.0019	0.0094	0.0155	88.4843
564	77.4522	79.4800	0.0000	0.2808	60.6823	0.0051	0.0123	0.0086	88.4454
565	77.3636	79.5500	0.0000	0.1873	60.5013	0.0096	0.0289	0.0048	88.4302
566	77.4033	79.6200	0.0000	0.1292	60.5361	0.0070	0.0638	0.0019	88.4332
567	77.4436	79.6900	0.0000	0.0917	60.6450	0.0135	0.1491	0.0012	88.4182
568	77.4331	79.7600	0.0000	0.0667	60.7328	0.0026	0.0225	0.0010	88.3472
569	77.3987	79.8300	0.0005	0.0496	60.8067	0.0115	0.0118	0.0011	88.2273
570	77.4290	79.9000	0.0032	0.0378	60.9720	0.0024	0.0290	0.0012	88.2316
571	77.4722	79.9700	0.0003	0.0293	61.2214	0.0009	0.0150	0.0013	88.3259
572	77.4128	80.0400	0.0002	0.0230	61.4340	0.0006	0.0182	0.0018	88.2781
573	77.4799	80.1100	0.0002	0.0185	61.6971	0.0006	0.0230	0.0026	88.3111
574	77.4615	80.1800	0.0004	0.0149	61.7424	0.0007	0.0171	0.0026	88.3747
575	77.4317	80.2500	0.0005	0.0122	61.5916	0.0011	0.0088	0.0026	88.4308
576	77.4151	80.3200	0.0005	0.0100	61.3201	0.0028	0.0078	0.0030	88.5288
577	77.5172	80.3900	0.0007	0.0084	61.1383	0.0061	0.0137	0.0028	88.6126
578	77.5222	80.4600	0.0037	0.0070	61.0156	0.0062	0.0436	0.0027	88.7114
579	77.4934	80.5300	0.0392	0.0059	61.0900	0.0094	0.1596	0.0028	88.8048
580	77.5319	80.6000	0.0041	0.0050	61.4362	0.0020	0.0114	0.0036	88.8977
581	77.5049	80.6700	0.0065	0.0042	61.8533	0.0009	0.0886	0.0049	88.9932
582	77.5552	80.7400	0.0936	0.0036	62.3083	0.0006	0.0053	0.0065	89.0775
583	77.5793	80.8100	0.0068	0.0031	62.5831	0.0009	0.0079	0.0076	89.1500
584	77.5821	80.8800	0.0025	0.0026	62.6134	0.0019	0.0099	0.0083	89.2099
585	77.5958	80.9500	0.0009	0.0022	62.4501	0.0005	0.0091	0.0079	89.2540
586	77.6596	81.0200	0.0020	0.0019	62.2221	0.0003	0.0188	0.0060	89.2794
587	77.6580	81.0900	0.0037	0.0016	61.9578	0.0003	0.0313	0.0039	89.2512
588	77.6318	81.1600	0.0003	0.0014	61.7876	0.0004	0.0238	0.0026	89.0246
589	77.6540	81.2300	0.0002	0.0012	61.8174	0.0006	0.0179	0.0021	88.4826
590	77.6880	81.3000	0.0003	0.0010	62.0124	0.0015	0.0274	0.0021	88.4437
591	77.7325	81.3700	0.0041	0.0008	62.3240	0.0065	0.0201	0.0025	88.7490
592	77.7634	81.4400	0.0082	0.0007	62.6625	0.0023	0.0255	0.0038	88.4697
593	77.7359	81.5100	0.2695	0.0006	62.9204	0.0043	0.0183	0.0067	88.8137
594	77.7859	81.5800	0.0810	0.0006	63.1533	0.0015	0.0126	0.0107	88.6539
595	77.8245	81.6500	0.1701	0.0005	63.2621	0.0016	0.0095	0.0099	88.4629
596	77.9208	81.7200	0.0354	0.0004	63.3062	0.0024	0.0091	0.0083	88.8866
597	77.8873	81.7900	0.0008	0.0004	63.1656	0.0031	0.0125	0.0086	88.7984
598	77.9287	81.8600	0.0001	0.0004	63.0602	0.0024	0.0217	0.0124	88.8622
599	77.9489	81.9300	0.0001	0.0003	62.9731	0.0016	0.0333	0.0114	88.9358
600	77.9849	82.0000	0.0000	0.0003	62.9857	0.0013	0.0301	0.0054	89.0000
601	77.9798	82.0900	0.0002	0.0003	63.0935	0.0014	0.0245	0.0029	89.0860
602	78.0299	82.1800	0.0000	0.0002	63.3491	0.0014	0.0166	0.0021	89.1367
603	78.1056	82.2700	0.0000	0.0002	63.6831	0.0012	0.0134	0.0018	89.2051
604	78.1181	82.3600	0.0000	0.0002	63.9539	0.0009	0.0159	0.0021	89.2798
605	78.1732	82.4500	0.0000	0.0002	64.1798	0.0009	0.0305	0.0032	89.3576
606	78.2121	82.5400	0.0000	0.0002	64.2743	0.0010	0.0645	0.0071	89.4468
607	78.2295	82.6300	0.0000	0.0002	64.2405	0.0012	0.0201	0.0100	89.5521
608	78.2676	82.7200	0.0000	0.0002	64.1645	0.0018	0.0095	0.0144	89.6615
609	78.3063	82.8100	0.0000	0.0002	64.1045	0.0028	0.0056	0.0086	89.7796
610	78.3163	82.9000	0.0000	0.0002	64.1035	0.0034	0.0043	0.0036	89.8987
611	78.3740	82.9900	0.0000	0.0002	64.2562	0.0037	0.0077	0.0019	90.0132
612	78.4326	83.0800	0.0000	0.0002	64.5066	0.0040	0.0036	0.0013	90.1207
613	78.5117	83.1700	0.0000	0.0002	64.8105	0.0051	0.0027	0.0011	90.2351
614	78.4947	83.2600	0.0000	0.0002	64.9938	0.0066	0.0027	0.0010	90.3509
615	78.5331	83.3500	0.0000	0.0002	65.1205	0.0059	0.0031	0.0011	90.4568
616	78.6491	83.4400	0.0000	0.0002	65.1904	0.0040	0.0041	0.0010	90.5538
617	78.6268	83.5300	0.0000	0.0002	65.0556	0.0033	0.0070	0.0008	90.6501
618	78.7045	83.6200	0.0000	0.0002	64.9818	0.0036	0.0187	0.0006	90.7461
619	78.7630	83.7100	0.0000	0.0002	64.9481	0.0035	0.0266	0.0005	90.8390
620	78.8520	83.8000	0.0000	0.0002	65.0495	0.0025	0.0144	0.0004	90.9186
621	78.8344	83.8900	0.0000	0.0002	65.1802	0.0019	0.0108	0.0005	90.9968
622	78.8747	83.9800	0.0000	0.0002	65.4318	0.0018	0.0056	0.0005	91.0804
623	78.9330	84.0700	0.0000	0.0002	65.6947	0.0019	0.0056	0.0007	91.1561
624	79.0118	84.1600	0.0000	0.0002	65.8950	0.0023	0.0064	0.0010	91.2301
625	79.0536	84.2500	0.0000	0.0002	65.9422	0.0031	0.0060	0.0015	91.3025
626	79.1161	84.3400	0.0000	0.0002	65.8928	0.0049	0.0045	0.0027	91.3644
627	79.1014	84.4300	0.0000	0.0002	65.7206	0.0071	0.0032	0.0051	91.2540
628	79.2022	84.5200	0.0000	0.0003	65.6654	0.0079	0.0026	0.0097	88.9836
629	79.2608	84.6100	0.0000	0.0003	65.6673	0.0078	0.0027	0.0170	90.2979
630	79.3674	84.7000	0.0000	0.0003	65.8341	0.0075	0.0041	0.0268	90.4341
631	79.3394	84.7900	0.0000	0.0003	65.9957	0.0093	0.0097	0.0388	91.1101
632	79.4317	84.8800	0.0000	0.0003	66.2999	0.0144	0.0203	0.0571	91.5131
633	79.4164	84.9700	0.0000	0.0003	66.4745	0.0229	0.0255	0.0760	91.8126
634	79.5031	85.0600	0.0000	0.0003	66.6290	0.0286	0.0176	0.0387	91.9755
635	79.6305	85.1500	0.0000	0.0003	66.6903	0.0257	0.0076	0.0124	92.0616
636	79.6101	85.2400	0.0000	0.0003	66.5316	0.0215	0.0034	0.0052	92.1656
637	79.6403	85.3300	0.0000	0.0003	66.3897	0.0204	0.0019	0.0032	92.2583
638	79.7261	85.4200	0.0000	0.0003	66.3518	0.0215	0.0015	0.0032	92.3675
639	79.7744	85.5100	0.0000	0.0003	66.4048	0.0204	0.0016	0.0089	92.4548
640	79.8281	85.6000	0.0000	0.0004	66.6048	0.0182	0.0017	0.0052	92.5446
641	79.9020	85.6900	0.0000	0.0004	66.9331	0.0172	0.0014	0.0034	92.6210
642	79.9134	85.7800	0.0000	0.0004	67.2488	0.0177	0.0011	0.0038	92.7056
643	80.0004	85.8700	0.0000	0.0004	67.5839	0.0199	0.0009	0.0048	92.7731
644	80.0678	85.9600	0.0000	0.0004	67.7944	0.0241	0.0011	0.0063	92.8349
645	80.0330	86.0500	0.0000	0.0005	67.7899	0.0316	0.0016	0.0088	92.8680
646	80.1521	86.1400	0.0000	0.0005	67.8176	0.0439	0.0026	0.0149	92.7821
647	80.1699	86.2300	0.0000	0.0006	67.7289	0.0587	0.2580	0.0312	92.5364
648	80.2434	86.3200	0.0000	0.0006	67.7349	0.0710	0.0051	0.0219	92.3349
649	80.3221	86.4100	0.0000	0.0007	67.8528	0.0819	0.1849	0.0162	92.5631
650	80.3473	86.5000	0.0000	0.0007	68.0536	0.0942	0.0030	0.0171	92.8562
651	80.3901	86.5900	0.0000	0.0008	68.3756	0.1130	0.0013	0.0095	93.0320
652	80.4758	86.6800	0.0000	0.0008	68.7780	0.1392	0.0012	0.0094	92.5940
653	80.4170	86.7700	0.0000	0.0010	69.0260	0.1707	0.0016	0.0096	93.2134
654	80.5504	86.8600	0.0000	0.0011	69.3478	0.2053	0.0019	0.0095	93.2876
655	80.5621	86.9500	0.0000	0.0012	69.4469	0.2393	0.0022	0.0083	93.1510
656	80.6446	87.0400	0.0000	0.0014	69.5013	0.2716	0.0020	0.0061	93.2999
657	80.7089	87.1300	0.0000	0.0015	69.4790	0.3022	0.0021	0.0041	93.4523
658	80.8213	87.2200	0.0000	0.0018	69.4951	0.3331	0.0069	0.0031	93.5872
659	80.7479	87.3100	0.0000	0.0020	69.3988	0.3654	0.0311	0.0031	93.7490
660	80.8244	87.4000	0.0000	0.0023	69.5062	0.4026	0.0028	0.0041	93.8619
661	80.8904	87.4900	0.0000	0.0027	69.6789	0.4462	0.0005	0.0061	93.9747
662	80.9562	87.5800	0.0000	0.0031	69.9024	0.5000	0.0002	0.0083	94.0650
663	81.0319	87.6700	0.0000	0.0036	70.1493	0.5707	0.0001	0.0102	94.1221
664	81.1277	87.7600	0.0000	0.0042	70.3925	0.6682	0.0001	0.0109	94.1903
665	81.1570	87.8500	0.0000	0.0047	70.5296	0.8062	0.0001	0.0103	94.2548
666	81.1962	87.9400	0.0000	0.0052	70.6155	1.0062	0.0001	0.0091	94.3282
667	81.1993	88.0300	0.0000	0.0055	70.6160	1.3012	0.0001	0.0074	94.3943
668	81.2198	88.1200	0.0000	0.0055	70.5975	1.7472	0.0001	0.0055	94.4646
669	81.2885	88.2100	0.0000	0.0056	70.6146	2.4363	0.0002	0.0038	94.5294
670	81.3568	88.3000	0.0000	0.0056	70.6528	3.5022	0.0001	0.0024	94.5928
671	81.3762	88.3900	0.0000	0.0058	70.6843	5.0711	0.0001	0.0014	94.6552
672	81.5360	88.4800	0.0000	0.0061	70.8574	7.0790	0.0001	0.0009	94.7172
673	81.4444	88.5700	0.0000	0.0070	70.7634	8.9657	0.0001	0.0006	94.7764
674	81.5623	88.6600	0.0000	0.0084	70.6728	10.1671	0.0000	0.0006	94.8337
675	81.6056	88.7500	0.0000	0.0108	70.1707	10.7288	0.0000	0.0005	94.8868
676	81.6229	88.8400	0.0000	0.0148	69.1711	11.2435	0.0000	0.0004	94.9415
677	81.6858	88.9300	0.0000	0.0209	67.7377	12.2041	0.0000	0.0004	94.9961
678	81.7971	89.0200	0.0000	0.0293	66.0115	13.6654	0.0000	0.0005	95.0496
679	81.7384	89.1100	0.0000	0.0363	64.0000	15.1687	0.0000	0.0007	95.0950
680	81.7356	89.2000	0.0000	0.0322	62.0073	16.5077	0.0000	0.0007	95.1407
681	81.8094	89.2900	0.0000	0.0224	60.0894	17.9603	0.0000	0.0011	95.1803
682	81.9034	89.3800	0.0000	0.0147	58.2220	19.7508	0.0000	0.0020	95.2153
683	81.9428	89.4700	0.0000	0.0098	56.3829	21.8428	0.0000	0.0036	95.2520
684	81.8814	89.5600	0.0000	0.0071	54.5161	24.1306	0.0000	0.0049	95.2860
685	81.9222	89.6500	0.0000	0.0059	52.5615	26.7377	0.0000	0.0042	95.3278
686	81.9601	89.7400	0.0000	0.0059	50.1486	29.8714	0.0000	0.0024	94.8156
687	82.0874	89.8300	0.0000	0.0072	47.2409	33.6464	0.0000	0.0014	78.7650
688	82.1062	89.9200	0.0000	0.0101	44.0075	37.6876	0.0000	0.0008	79.5516
689	82.1244	90.0100	0.0000	0.0156	40.8754	41.6083	0.0000	0.0006	83.3447
690	82.2555	90.1000	0.0000	0.0225	38.0160	44.9146	0.0001	0.0006	85.2126
691	82.1306	90.1900	0.0000	0.0242	35.1935	46.9802	0.0001	0.0006	88.5481
692	82.2168	90.2800	0.0000	0.0181	32.5337	48.2316	0.0003	0.0007	91.0911
693	82.2687	90.3700	0.0000	0.0113	29.8574	49.1149	0.0004	0.0009	93.0504
694	82.3279	90.4600	0.0000	0.0068	27.0697	50.2611	0.0003	0.0012	93.3478
695	82.3348	90.5500	0.0000	0.0040	23.9701	52.0311	0.0002	0.0014	93.8748
696	82.3645	90.6400	0.0000	0.0024	20.4188	54.6232	0.0002	0.0015	94.0776
697	82.3934	90.7300	0.0000	0.0014	16.4354	57.9482	0.0002	0.0014	95.3662
698	82.4451	90.8200	0.0000	0.0009	12.3531	61.7259	0.0002	0.0012	95.4362
699	82.4988	90.9100	0.0000	0.0006	8.6863	65.4766	0.0002	0.0010	94.5990
700	82.4872	91.0000	0.0000	0.0004	5.8186	68.6394	0.0003	0.0007	94.8049
701	82.5734	91.0400	0.0000	0.0003	3.8384	70.8835	0.0004	0.0005	94.8389
702	82.5762	91.0800	0.0000	0.0002	2.5310	71.9155	0.0006	0.0005	94.9051
703	82.5448	91.1200	0.0000	0.0002	1.6917	71.9513	0.0012	0.0007	95.4871
704	82.6187	91.1600	0.0000	0.0002	1.1554	71.5750	0.0016	0.0006	95.4782
705	82.6820	91.2000	0.0000	0.0001	0.8068	71.1570	0.0012	0.0003	95.4543
706	82.6668	91.2400	0.0000	0.0001	0.5753	70.9309	0.0009	0.0003	95.6734
707	82.6381	91.2800	0.0000	0.0001	0.4185	71.0469	0.0007	0.0003	95.8243
708	82.7460	91.3200	0.0000	0.0001	0.3106	71.5874	0.0007	0.0005	95.9347
709	82.6617	91.3600	0.0000	0.0001	0.2338	72.1426	0.0007	0.0011	96.0056
710	82.7556	91.4000	0.0000	0.0001	0.1791	72.8814	0.0008	0.0029	95.9724
711	82.7866	91.4400	0.0000	0.0001	0.1391	73.4564	0.0009	0.0031	96.1165
712	82.8561	91.4800	0.0000	0.0001	0.1096	73.8678	0.0009	0.0014	96.1350
713	82.9173	91.5200	0.0000	0.0001	0.0877	74.0498	0.0010	0.0008	96.0870
714	82.8689	91.5600	0.0000	0.0001	0.0712	73.9467	0.0011	0.0005	95.9966
715	82.8432	91.6000	0.0000	0.0001	0.0588	73.7500	0.0012	0.0004	95.8077
716	82.7651	91.6400	0.0000	0.0001	0.0493	73.4753	0.0013	0.0003	94.7321
717	82.8681	91.6800	0.0000	0.0001	0.0422	73.3984	0.0014	0.0004	90.8208
718	82.8954	91.7200	0.0000	0.0002	0.0367	73.3335	0.0017	0.0006	88.5913
719	82.9245	91.7600	0.0000	0.0002	0.0323	73.3633	0.0020	0.0008	87.8104
720	82.9482	91.8000	0.0000	0.0003	0.0289	73.4705	0.0019	0.0006	89.1287
721	83.0179	91.8400	0.0000	0.0004	0.0261	73.6744	0.0019	0.0012	94.0396
722	82.9495	91.8800	0.0000	0.0005	0.0237	73.7793	0.0018	0.0008	94.5569
723	83.0469	91.9200	0.0000	0.0008	0.0217	74.0251	0.0016	0.0003	90.5508
724	83.0241	91.9600	0.0000	0.0015	0.0200	74.1358	0.0015	0.0002	90.4889
725	83.0244	92.0000	0.0000	0.0053	0.0186	74.2291	0.0015	0.0001	91.3165
726	83.1696	92.0400	0.0000	0.0059	0.0175	74.4153	0.0015	0.0001	92.0727
727	82.9609	92.0800	0.0000	0.0100	0.0165	74.2568	0.0016	0.0001	91.1401
728	82.9363	92.1200	0.0000	0.0249	0.0157	74.2484	0.0016	0.0000	92.5904
729	83.1684	92.1600	0.0000	0.0039	0.0151	74.4681	0.0018	0.0000	92.6490
730	83.0881	92.2000	0.0000	0.0013	0.0146	74.4170	0.0020	0.0000	93.0740
731	83.0490	92.2400	0.0000	0.0007	0.0141	74.4182	0.0021	0.0000	93.4367
732	83.1265	92.2800	0.0000	0.0005	0.0136	74.5419	0.0023	0.0000	95.1839
733	83.1073	92.3200	0.0000	0.0005	0.0131	74.5973	0.0026	0.0000	95.6806
734	83.0826	92.3600	0.0000	0.0005	0.0125	74.6641	0.0031	0.0000	96.0856
735	83.1301	92.4000	0.0000	0.0005	0.0119	74.8099	0.0035	0.0000	96.0622
736	83.1226	92.4400	0.0000	0.0007	0.0111	74.9176	0.0038	0.0000	95.9233
737	83.1825	92.4800	0.0001	0.0010	0.0103	75.0946	0.0037	0.0000	96.2840
738	83.1404	92.5200	0.0001	0.0019	0.0096	75.1845	0.0035	0.0000	96.5012
739	83.0928	92.5600	0.0001	0.0064	0.0088	75.2698	0.0032	0.0000	96.5953
740	83.1799	92.6000	0.0001	0.0188	0.0082	75.4712	0.0032	0.0000	96.8161
741	82.9706	92.6400	0.0001	0.0107	0.0076	75.3901	0.0032	0.0000	96.9023
742	83.1504	92.6800	0.0001	0.0021	0.0070	75.6407	0.0031	0.0000	96.9563
743	83.1871	92.7200	0.0002	0.0010	0.0066	75.7319	0.0030	0.0000	97.0769
744	83.1767	92.7600	0.0002	0.0007	0.0062	75.7450	0.0030	0.0000	97.0855
745	83.0490	92.8000	0.0003	0.0005	0.0058	75.6147	0.0033	0.0000	97.1078
746	83.2250	92.8400	0.0004	0.0004	0.0055	75.7272	0.0038	0.0000	97.1359
747	83.1565	92.8800	0.0005	0.0003	0.0053	75.5923	0.0048	0.0000	97.1550
748	83.2279	92.9200	0.0007	0.0003	0.0051	75.5734	0.0065	0.0000	97.1796
749	83.1173	92.9600	0.0010	0.0003	0.0049	75.3941	0.0088	0.0000	97.2094
750	83.0167	93.0000	0.0014	0.0002	0.0048	75.2459	0.0114	0.0000	97.2393
751	83.1390	93.0400	0.0011	0.0002	0.0047	75.3362	0.0130	0.0000	97.2772
752	83.2797	93.0800	0.0006	0.0003	0.0048	75.4895	0.0128	0.0000	97.3113
753	83.1237	93.1200	0.0003	0.0003	0.0048	75.4236	0.0119	0.0000	97.3460
754	83.2350	93.1600	0.0003	0.0003	0.0050	75.6463	0.0112	0.0000	97.3723
755	83.1281	93.2000	0.0003	0.0004	0.0052	75.7059	0.0109	0.0000	97.4058
756	83.1169	93.2400	0.0003	0.0004	0.0053	75.8721	0.0109	0.0000	97.4349
757	83.1522	93.2800	0.0007	0.0006	0.0054	76.0810	0.0109	0.0000	97.4571
758	83.0836	93.3200	0.0009	0.0007	0.0054	76.1760	0.0109	0.0001	97.0516
759	83.1966	93.3600	0.0004	0.0011	0.0053	76.4018	0.0116	0.0001	74.6217
760	83.1897	93.4000	0.0003	0.0017	0.0051	76.4697	0.0132	0.0002	34.2575
761	83.1075	93.4400	0.0004	0.0027	0.0048	76.4143	0.0159	0.0003	50.0364
762	83.1367	93.4800	0.0006	0.0035	0.0045	76.4086	0.0200	0.0008	62.8442
763	83.0465	93.5200	0.0007	0.0033	0.0043	76.2481	0.0256	0.0020	54.9196
764	83.1585	93.5600	0.0010	0.0026	0.0042	76.2411	0.0322	0.0051	64.8348
765	83.1899	93.6000	0.0014	0.0020	0.0041	76.1442	0.0387	0.0065	76.8938
766	83.1174	93.6400	0.0021	0.0017	0.0041	75.9537	0.0434	0.0045	85.3255
767	83.0424	93.6800	0.0019	0.0016	0.0042	75.7782	0.0459	0.0032	92.0946
768	83.0319	93.7200	0.0015	0.0016	0.0044	75.6912	0.0472	0.0025	94.5786
769	82.8582	93.7600	0.0023	0.0018	0.0046	75.4920	0.0480	0.0021	95.8944
770	82.9745	93.8000	0.0014	0.0024	0.0048	75.5952	0.0492	0.0017	97.1568
771	83.0209	93.8400	0.0011	0.0035	0.0049	75.6685	0.0513	0.0014	97.4639
772	83.0594	93.8800	0.0011	0.0066	0.0048	75.7603	0.0549	0.0012	97.5320
773	83.1367	93.9200	0.0012	0.0123	0.0046	75.9012	0.0605	0.0011	97.5713
774	82.9963	93.9600	0.0013	0.0136	0.0043	75.8442	0.0684	0.0011	97.6009
775	83.0890	94.0000	0.0013	0.0207	0.0039	75.9894	0.0794	0.0012	97.6146
776	82.9434	94.0400	0.0014	0.0307	0.0036	75.8971	0.0931	0.0018	97.6255
777	83.0569	94.0800	0.0015	0.0257	0.0033	76.0169	0.1100	0.0020	97.6301
778	83.1315	94.1200	0.0018	0.0173	0.0031	76.0758	0.1292	0.0014	97.6373
779	82.9806	94.1600	0.0021	0.0132	0.0029	75.9065	0.1501	0.0013	97.6480
780	82.9542	94.2000	0.0023	0.0122	0.0027	75.8352	0.1729	0.0016	97.6642
781	83.0158	94.2400	0.0025	0.0131	0.0026	75.8359	0.1974	0.0025	97.6882
782	82.8651	94.2800	0.0026	0.0145	0.0025	75.6417	0.2239	0.0038	97.7086
783	83.0795	94.3200	0.0029	0.0176	0.0025	75.7851	0.2561	0.0042	97.7326
784	82.9290	94.3600	0.0031	0.0252	0.0025	75.6029	0.2954	0.0041	97.7443
785	82.9234	94.4000	0.0028	0.0312	0.0025	75.5606	0.3478	0.0041	97.7287
786	83.0784	94.4400	0.0026	0.0235	0.0026	75.6705	0.4187	0.0041	97.6313
787	82.9798	94.4800	0.0028	0.0181	0.0027	75.5523	0.5096	0.0043	97.5378
788	82.7547	94.5200	0.0033	0.0227	0.0030	75.3190	0.6211	0.0043	97.3957
789	82.9977	94.5600	0.0042	0.0274	0.0032	75.5107	0.7533	0.0039	96.9906
790	82.7651	94.6000	0.0054	0.0231	0.0034	75.2700	0.8899	0.0036	96.9976
791	83.0832	94.6400	0.0074	0.0148	0.0037	75.5343	1.0345	0.0039	97.1944
792	82.9722	94.6800	0.0099	0.0105	0.0040	75.4182	1.1774	0.0047	97.0809
793	82.8587	94.7200	0.0100	0.0088	0.0044	75.3150	1.3332	0.0061	97.5421
794	82.9781	94.7600	0.0072	0.0088	0.0048	75.4405	1.5211	0.0074	97.7600
795	82.8883	94.8000	0.0057	0.0101	0.0050	75.3871	1.7528	0.0072	97.5001
796	82.9046	94.8400	0.0055	0.0134	0.0050	75.4242	2.0625	0.0057	96.8186
797	82.7944	94.8800	0.0057	0.0178	0.0047	75.3084	2.4919	0.0044	97.4518
798	82.9092	94.9200	0.0054	0.0196	0.0044	75.3113	3.1250	0.0036	97.5475
799	82.7064	94.9600	0.0044	0.0153	0.0040	74.8809	4.0454	0.0033	97.5819
800	82.7258	95.0000	0.0035	0.0107	0.0037	74.4458	5.3987	0.0035	97.3800
801	82.6604	94.9400	0.0030	0.0108	0.0035	73.6025	7.2479	0.0040	97.1861
802	82.6080	94.8800	0.0027	0.0163	0.0034	72.4986	9.5033	0.0045	97.3445
803	82.8549	94.8200	0.0028	0.0216	0.0035	71.3956	11.8033	0.0043	97.2700
804	82.9138	94.7600	0.0031	0.0346	0.0038	69.9101	13.5940	0.0038	97.3976
805	82.8181	94.7000	0.0039	0.0707	0.0040	68.1376	14.7491	0.0036	97.6190
806	82.6582	94.6400	0.0052	0.0982	0.0044	66.2169	15.5973	0.0037	97.8139
807	82.6610	94.5800	0.0061	0.0736	0.0047	64.3759	16.5936	0.0039	97.7891
808	82.7773	94.5200	0.0064	0.0529	0.0048	62.6029	17.9882	0.0043	97.7818
809	82.8992	94.4600	0.0078	0.0459	0.0048	60.8411	19.7584	0.0051	97.6152
810	82.7220	94.4000	0.0099	0.0487	0.0046	58.8994	21.5703	0.0062	97.4516
811	82.8262	94.3400	0.0145	0.0528	0.0045	57.2180	23.2906	0.0077	97.3185
812	82.8274	94.2800	0.0259	0.0691	0.0046	55.5289	24.7490	0.0084	96.8369
813	82.9581	94.2200	0.0547	0.1194	0.0049	53.9789	26.0971	0.0082	95.8908
814	82.7716	94.1600	0.1182	0.2391	0.0061	52.2450	27.3351	0.0079	93.8286
815	82.8742	94.1000	0.1696	0.2468	0.0101	50.6608	28.8574	0.0073	92.5393
816	83.1323	94.0400	0.1206	0.1161	0.0533	49.0578	30.8959	0.0060	90.4415
817	82.8405	93.9800	0.0687	0.0666	0.0239	46.9492	33.4650	0.0051	91.1486
818	82.8382	93.9200	0.0440	0.0618	0.0129	44.7674	37.0590	0.0046	89.4242
819	82.7691	93.8600	0.0339	0.0679	0.0172	42.2751	41.4175	0.0044	91.8964
820	82.9067	93.8000	0.0321	0.0611	0.0338	39.6184	46.1188	0.0045	91.9820
821	82.7556	93.7400	0.0370	0.0432	0.1057	36.6079	50.1307	0.0048	96.1795
822	82.7751	93.6800	0.0469	0.0349	0.2487	33.5429	53.2249	0.0054	94.8474
823	82.7432	93.6200	0.0448	0.0332	0.0595	30.4190	55.2128	0.0060	85.6186
824	82.9127	93.5600	0.0297	0.0368	0.0204	27.4168	56.5628	0.0068	93.1332
825	82.9900	93.5000	0.0206	0.0474	0.0102	24.5022	57.5922	0.0076	95.6370
826	82.9487	93.4400	0.0214	0.0702	0.0065	21.7283	58.7442	0.0083	94.6347
827	83.0109	93.3800	0.0287	0.0957	0.0049	19.1841	60.4318	0.0089	96.1523
828	82.8362	93.3200	0.0244	0.1163	0.0043	16.7985	62.4529	0.0095	92.3570
829	82.9402	93.2600	0.0164	0.0765	0.0045	14.6763	65.0759	0.0102	93.3055
830	82.7533	93.2000	0.0122	0.0438	0.0055	12.6983	67.6399	0.0110	94.7396
831	82.7599	93.1400	0.0107	0.0285	0.0082	10.9371	70.2662	0.0121	95.8099
832	82.6228	93.0800	0.0118	0.0208	0.0173	9.3338	72.4260	0.0136	94.5234
833	82.8699	93.0200	0.0197	0.0173	0.0924	7.9415	74.3839	0.0158	96.3679
834	82.8054	92.9600	0.0598	0.0165	0.0584	6.6828	75.4295	0.0182	96.3281
835	83.0042	92.9000	0.0559	0.0198	0.1428	5.6063	76.1402	0.0206	97.3905
836	82.7651	92.8400	0.0189	0.0320	0.0718	4.6569	76.0601	0.0220	97.2337
837	82.8898	92.7800	0.0105	0.0498	0.0165	3.8753	76.1342	0.0220	97.6171
838	82.6926	92.7200	0.0082	0.0496	0.0067	3.2115	75.8810	0.0209	97.7244
839	82.4448	92.6600	0.0084	0.0454	0.0036	2.6648	75.6154	0.0198	97.9480
840	82.7838	92.6000	0.0090	0.0461	0.0022	2.2359	75.9263	0.0196	98.0671
841	82.7192	92.5400	0.0066	0.0442	0.0015	1.8773	75.8807	0.0202	97.9068
842	83.1241	92.4800	0.0047	0.0312	0.0011	1.5961	76.2525	0.0211	98.0873
843	82.7300	92.4200	0.0034	0.0203	0.0008	1.3543	75.8628	0.0210	98.2078
844	82.9242	92.3600	0.0029	0.0161	0.0007	1.1665	75.9838	0.0202	98.1567
845	82.9820	92.3000	0.0042	0.0167	0.0005	1.0109	75.9618	0.0195	98.3043
846	82.5765	92.2400	0.0025	0.0205	0.0005	0.8778	75.5116	0.0192	98.3563
847	82.6632	92.1800	0.0018	0.0252	0.0004	0.7719	75.5175	0.0197	98.3927
848	82.8175	92.1200	0.0018	0.0278	0.0003	0.6836	75.5936	0.0212	98.3349
849	83.1606	92.0600	0.0022	0.0305	0.0003	0.6102	75.8473	0.0236	98.2976
850	82.9054	92.0000	0.0031	0.0391	0.0003	0.5434	75.5556	0.0270	98.3259
851	82.6151	91.9400	0.0050	0.0575	0.0003	0.4861	75.2288	0.0315	98.2477
852	83.0438	91.8800	0.0098	0.0832	0.0003	0.4406	75.5540	0.0374	98.2549
853	82.9988	91.8200	0.0224	0.1023	0.0003	0.3990	75.4507	0.0434	98.3566
854	82.9387	91.7600	0.0140	0.0869	0.0003	0.3628	75.3445	0.0483	98.3246
855	82.9717	91.7000	0.0082	0.0582	0.0003	0.3318	75.3409	0.0511	98.3689
856	82.7656	91.6400	0.0077	0.0330	0.0003	0.3037	75.1409	0.0514	98.4143
857	82.8430	91.5800	0.0094	0.0170	0.0003	0.2798	75.2159	0.0500	98.4397
858	82.7510	91.5200	0.0081	0.0097	0.0004	0.2578	75.1449	0.0475	98.4528
859	82.7416	91.4600	0.0050	0.0065	0.0004	0.2380	75.1427	0.0453	98.4850
860	83.0549	91.4000	0.0028	0.0050	0.0005	0.2204	75.4135	0.0438	98.5203
861	82.8089	91.3400	0.0018	0.0042	0.0006	0.2024	75.1459	0.0428	98.5294
862	82.7878	91.2800	0.0013	0.0039	0.0006	0.1859	75.0489	0.0429	98.5431
863	82.9526	91.2200	0.0012	0.0038	0.0008	0.1703	75.0918	0.0443	98.5554
864	82.7183	91.1600	0.0014	0.0041	0.0009	0.1546	74.7578	0.0470	98.5723
865	82.9069	91.1000	0.0014	0.0049	0.0011	0.1404	74.8069	0.0519	98.5915
866	82.9000	91.0400	0.0011	0.0072	0.0014	0.1268	74.6973	0.0590	98.6016
867	83.0224	90.9800	0.0012	0.0145	0.0017	0.1143	74.7346	0.0694	98.6108
868	83.1504	90.9200	0.0015	0.0217	0.0023	0.1030	74.8133	0.0840	98.6252
869	82.9277	90.8600	0.0022	0.0133	0.0032	0.0925	74.6101	0.1035	98.6354
870	82.9249	90.8000	0.0027	0.0105	0.0047	0.0834	74.6279	0.1295	98.6471
871	82.9403	90.7400	0.0025	0.0125	0.0076	0.0756	74.6697	0.1624	98.6527
872	82.9226	90.6800	0.0021	0.0192	0.0135	0.0688	74.6718	0.2007	98.6643
873	82.7274	90.6200	0.0019	0.0236	0.0246	0.0629	74.4892	0.2403	98.6733
874	82.9966	90.5600	0.0020	0.0145	0.0300	0.0583	74.6899	0.2782	98.6820
875	82.8690	90.5000	0.0023	0.0075	0.0186	0.0542	74.4969	0.3083	98.6864
876	82.9789	90.4400	0.0027	0.0047	0.0098	0.0509	74.4868	0.3329	98.6863
877	83.1514	90.3800	0.0024	0.0036	0.0057	0.0481	74.5135	0.3547	98.6948
878	83.0582	90.3200	0.0022	0.0033	0.0037	0.0456	74.2984	0.3758	98.6892
879	82.8054	90.2600	0.0020	0.0034	0.0026	0.0434	73.9523	0.3992	98.6922
880	83.0148	90.2000	0.0014	0.0040	0.0021	0.0416	74.0416	0.4295	98.6894
881	83.1422	90.1400	0.0011	0.0049	0.0018	0.0399	74.0864	0.4654	98.6629
882	83.1226	90.0800	0.0009	0.0066	0.0017	0.0382	74.0295	0.5083	98.6408
883	82.9045	90.0200	0.0007	0.0099	0.0019	0.0365	73.8199	0.5594	98.6674
884	83.0248	89.9600	0.0007	0.0173	0.0027	0.0349	73.9267	0.6241	98.6647
885	83.0940	89.9000	0.0006	0.0326	0.0044	0.0334	73.9923	0.7010	98.6686
886	82.9543	89.8400	0.0007	0.0357	0.0036	0.0317	73.8662	0.7890	98.5036
887	83.0137	89.7800	0.0009	0.0321	0.0024	0.0303	73.9041	0.8918	98.5870
888	83.2208	89.7200	0.0012	0.0221	0.0021	0.0290	74.0559	1.0098	98.4786
889	83.2318	89.6600	0.0014	0.0101	0.0022	0.0278	74.0149	1.1398	98.6652
890	83.0466	89.6000	0.0014	0.0050	0.0026	0.0267	73.7823	1.2820	98.5454
891	83.2237	89.5400	0.0012	0.0029	0.0038	0.0258	73.8557	1.4457	98.5725
892	83.2122	89.4800	0.0009	0.0020	0.0062	0.0251	73.7450	1.6230	98.3510
893	83.2243	89.4200	0.0006	0.0016	0.0113	0.0244	73.6340	1.8191	97.6287
894	83.2110	89.3600	0.0006	0.0014	0.0143	0.0238	73.4693	2.0377	97.4264
895	83.1643	89.3000	0.0006	0.0014	0.0094	0.0232	73.2287	2.2866	95.6165
896	83.0895	89.2400	0.0005	0.0017	0.0063	0.0225	72.8971	2.5768	92.8673
897	83.1648	89.1800	0.0006	0.0029	0.0065	0.0218	72.6079	2.9260	90.6872
898	83.1396	89.1200	0.0006	0.0088	0.0079	0.0209	72.1180	3.3364	92.5096
899	83.5031	89.0600	0.0007	0.0055	0.0055	0.0200	71.8299	3.8348	83.5954
900	83.3022	89.0000	0.0007	0.0035	0.0032	0.0188	70.9078	4.3803	89.1549
901	83.3478	88.4100	0.0008	0.0041	0.0022	0.0176	69.6325	4.9771	88.4947
902	83.3832	87.8200	0.0012	0.0065	0.0018	0.0164	68.2130	5.6344	89.3925
903	83.3903	87.2300	0.0017	0.0127	0.0016	0.0152	66.6528	6.3525	90.0634
904	83.3226	86.6400	0.0012	0.0325	0.0016	0.0141	64.9432	7.1359	95.8517
905	83.5377	86.0500	0.0009	0.0779	0.0016	0.0132	63.3922	8.0325	95.0177
906	83.5198	85.4600	0.0008	0.0428	0.0017	0.0125	61.6346	9.0163	94.5360
907	83.7174	84.8700	0.0008	0.0168	0.0019	0.0118	60.0370	10.1548	89.5040
908	83.6039	84.2800	0.0010	0.0085	0.0021	0.0113	58.2432	11.4042	88.2762
909	83.6515	83.6900	0.0012	0.0051	0.0025	0.0110	56.6066	12.8281	88.9376
910	83.4709	83.1000	0.0013	0.0035	0.0030	0.0108	54.8658	14.3457	89.8730
911	83.5370	82.5100	0.0013	0.0027	0.0037	0.0107	53.3307	15.9640	90.5383
912	83.7049	81.9200	0.0009	0.0023	0.0047	0.0107	51.8823	17.5446	89.9847
913	83.7638	81.3300	0.0005	0.0021	0.0059	0.0107	50.3657	18.9035	88.7997
914	83.7892	80.7400	0.0005	0.0024	0.0075	0.0108	48.8049	19.9612	88.3522
915	83.4431	80.1500	0.0007	0.0033	0.0093	0.0108	46.9845	20.6510	90.8613
916	83.7001	79.5600	0.0003	0.0065	0.0112	0.0109	45.4318	21.3453	87.3940
917	83.5805	78.9700	0.0002	0.0180	0.0124	0.0109	43.5801	21.9980	92.7074
918	83.7627	78.3800	0.0002	0.0144	0.0126	0.0109	41.7829	22.9879	88.0845
919	83.6929	77.7900	0.0003	0.0239	0.0116	0.0108	39.7561	24.3352	93.6094
920	83.8834	77.2000	0.0004	0.0347	0.0100	0.0106	37.7596	26.2830	94.3835
921	84.0406	76.6100	0.0007	0.0136	0.0083	0.0102	35.6691	28.7179	95.7275
922	83.8329	76.0200	0.0010	0.0072	0.0069	0.0098	33.3825	31.2762	94.4430
923	83.7403	75.4300	0.0009	0.0096	0.0058	0.0092	31.1389	33.6925	95.4026
924	83.6946	74.8400	0.0008	0.0146	0.0051	0.0087	28.9382	35.5569	94.3840
925	84.0086	74.2500	0.0007	0.0032	0.0047	0.0083	26.9067	36.9158	93.8239
926	83.9737	73.6600	0.0006	0.0022	0.0045	0.0080	24.8329	37.6721	94.7584
927	83.8633	73.0700	0.0006	0.0019	0.0043	0.0078	22.8352	38.2536	95.5340
928	83.6672	72.4800	0.0006	0.0018	0.0041	0.0078	20.9271	38.9126	89.4719
929	83.9532	71.8900	0.0008	0.0021	0.0040	0.0078	19.2489	40.0807	87.7849
930	84.1511	71.3000	0.0009	0.0029	0.0039	0.0080	17.6519	41.5772	81.9882
931	84.0751	70.7100	0.0007	0.0054	0.0040	0.0081	16.1033	43.3014	75.2766
932	84.1193	70.1200	0.0004	0.0179	0.0043	0.0082	14.6812	45.3544	64.6248
933	84.0696	69.5300	0.0003	0.1119	0.0049	0.0082	13.3401	47.4515	62.6058
934	84.0540	68.9400	0.0002	0.0128	0.0055	0.0081	12.0974	49.4632	53.5469
935	84.4912	68.3500	0.0002	0.0040	0.0064	0.0078	11.0021	51.4876	59.2417
936	84.1120	67.7600	0.0004	0.0021	0.0073	0.0074	9.8846	52.6365	59.2179
937	83.9635	67.1700	0.0010	0.0014	0.0079	0.0069	8.8833	53.4323	58.6460
938	84.2828	66.5800	0.0067	0.0011	0.0081	0.0065	8.0104	53.9578	62.9618
939	84.2101	65.9900	0.0021	0.0010	0.0078	0.0062	7.1762	53.7075	73.0578
940	84.1899	65.4000	0.0006	0.0010	0.0071	0.0061	6.4235	53.1487	80.9015
941	84.1932	64.8100	0.0004	0.0013	0.0062	0.0061	5.7457	52.4899	75.6452
942	84.1626	64.2200	0.0004	0.0019	0.0053	0.0061	5.1345	51.8647	77.8877
943	84.2631	63.6300	0.0006	0.0061	0.0043	0.0056	4.5952	51.4515	65.0112
944	84.4056	63.0400	0.0011	0.0285	0.0035	0.0050	4.1158	51.1936	65.7291
945	84.3909	62.4500	0.0007	0.0037	0.0028	0.0047	3.6818	50.9226	70.6587
946	84.5651	61.8600	0.0005	0.0053	0.0023	0.0047	3.3040	50.7801	67.4283
947	84.5322	61.2700	0.0004	0.0433	0.0019	0.0050	2.9609	50.4632	73.8823
948	84.3550	60.6800	0.0005	0.0092	0.0017	0.0057	2.6521	49.9669	67.0202
949	84.4744	60.0900	0.0007	0.0021	0.0015	0.0068	2.3870	49.5366	78.9311
950	84.5858	59.5000	0.0009	0.0009	0.0014	0.0082	2.1511	49.0037	67.0200
951	84.5662	58.9100	0.0009	0.0006	0.0014	0.0091	1.9381	48.3335	81.1616
952	84.5415	58.3200	0.0009	0.0004	0.0014	0.0086	1.7485	47.6471	70.1437
953	84.7111	57.7300	0.0007	0.0004	0.0014	0.0068	1.5832	47.1010	73.0249
954	84.5312	57.1400	0.0007	0.0003	0.0015	0.0051	1.4295	46.4270	77.3141
955	84.4986	56.5500	0.0007	0.0003	0.0016	0.0039	1.2947	45.9196	76.6774
956	84.5866	55.9600	0.0009	0.0004	0.0018	0.0032	1.1758	45.5626	73.8108
957	84.6880	55.3700	0.0017	0.0004	0.0021	0.0028	1.0693	45.2820	75.3132
958	84.8106	54.7800	0.0051	0.0005	0.0024	0.0027	0.9740	45.0557	82.1142
959	84.8673	54.1900	0.0031	0.0006	0.0027	0.0028	0.8877	44.8049	76.5765
960	84.6609	53.6000	0.0067	0.0008	0.0032	0.0031	0.8075	44.3935	77.9263
961	84.8362	53.0100	0.0048	0.0012	0.0038	0.0037	0.7387	44.1323	83.0898
962	84.9271	52.4200	0.0025	0.0019	0.0046	0.0044	0.6761	43.7580	83.1167
963	84.8891	51.8300	0.0019	0.0037	0.0057	0.0049	0.6185	43.2441	82.4740
964	84.9459	51.2400	0.0027	0.0107	0.0070	0.0050	0.5672	42.7133	84.7103
965	84.9157	50.6500	0.0014	0.0765	0.0086	0.0051	0.5202	42.0918	86.4087
966	84.9802	50.0600	0.0011	0.0228	0.0101	0.0050	0.4782	41.4939	87.0466
967	84.8918	49.4700	0.0012	0.0049	0.0113	0.0043	0.4393	40.8229	85.3876
968	84.9379	48.8800	0.0016	0.0020	0.0119	0.0031	0.4046	40.2390	94.5208
969	84.8258	48.2900	0.0029	0.0011	0.0119	0.0021	0.3724	39.6173	93.8756
970	85.0722	47.7000	0.0065	0.0009	0.0113	0.0014	0.3446	39.2059	94.1785
971	85.0760	47.1100	0.0058	0.0019	0.0103	0.0010	0.3182	38.7248	94.9523
972	85.0242	46.5200	0.0024	0.0047	0.0092	0.0007	0.2941	38.2561	93.6407
973	85.1044	45.9300	0.0018	0.0006	0.0081	0.0005	0.2724	37.8737	92.1462
974	85.1634	45.3400	0.0026	0.0003	0.0071	0.0004	0.2525	37.4956	91.1236
975	85.2225	44.7500	0.0019	0.0002	0.0062	0.0003	0.2343	37.1184	89.3354
976	85.1305	44.1600	0.0012	0.0002	0.0055	0.0003	0.2172	36.6663	89.3334
977	85.0412	43.5700	0.0011	0.0002	0.0051	0.0002	0.2016	36.1997	93.1048
978	85.0920	42.9800	0.0013	0.0002	0.0048	0.0002	0.1876	35.7734	93.4109
979	85.2168	42.3900	0.0021	0.0003	0.0046	0.0001	0.1748	35.3589	92.7976
980	85.1457	41.8000	0.0035	0.0003	0.0045	0.0001	0.1627	34.8493	93.0991
981	85.0746	41.2100	0.0036	0.0005	0.0045	0.0001	0.1515	34.3337	96.3391
982	85.0879	40.6200	0.0021	0.0008	0.0044	0.0001	0.1414	33.8524	96.6068
983	85.0666	40.0300	0.0012	0.0018	0.0043	0.0001	0.1320	33.3633	95.7700
984	85.3550	39.4400	0.0011	0.0083	0.0040	0.0001	0.1237	33.0030	98.0883
985	85.2355	38.8500	0.0012	0.0282	0.0037	0.0001	0.1155	32.4936	96.9699
986	85.6514	38.2600	0.0013	0.0041	0.0034	0.0001	0.1086	32.1938	98.5128
987	85.3988	37.6700	0.0014	0.0247	0.0030	0.0001	0.1014	31.6445	98.4584
988	85.4458	37.0800	0.0018	0.0020	0.0028	0.0001	0.0950	31.2045	98.5074
989	85.4662	36.4900	0.0029	0.0006	0.0025	0.0001	0.0891	30.7457	98.9076
990	85.2664	35.9000	0.0060	0.0003	0.0023	0.0001	0.0834	30.1953	98.6206
991	85.3502	35.3100	0.0060	0.0002	0.0021	0.0000	0.0783	29.7297	98.8633
992	85.5876	34.7200	0.0068	0.0001	0.0020	0.0000	0.0738	29.2988	98.9542
993	85.5437	34.1300	0.0511	0.0001	0.0018	0.0000	0.0693	28.7553	98.7642
994	85.4492	33.5400	0.0138	0.0001	0.0016	0.0000	0.0650	28.1845	99.0535
995	85.4606	32.9500	0.0024	0.0001	0.0015	0.0000	0.0612	27.6434	99.1234
996	85.5754	32.3600	0.0010	0.0001	0.0013	0.0000	0.0576	27.1353	99.1107
997	85.3902	31.7700	0.0006	0.0000	0.0011	0.0000	0.0541	26.5386	99.1249
998	85.6533	31.1800	0.0006	0.0001	0.0010	0.0000	0.0512	26.0915	99.1027
999	85.7387	30.5900	0.0005	0.0000	0.0009	0.0000	0.0482	25.6020	99.0975
1000	86.1891	30.0000	0.0004	0.0000	0.0007	0.0001	0.0457	25.2336	99.0000
1001	86.1914	29.5200	0.0004	0.0001	0.0006	0.0001	0.0433	24.8382	99.1413
1002	86.1856	29.0400	0.0005	0.0001	0.0006	0.0001	0.0410	24.4528	98.7079
1003	86.2357	28.5600	0.0006	0.0001	0.0005	0.0000	0.0389	24.0919	99.0825
1004	86.0427	28.0800	0.0010	0.0001	0.0004	0.0001	0.0369	23.6685	99.0573
1005	86.3033	27.6000	0.0037	0.0001	0.0004	0.0001	0.0351	23.3702	99.0900
1006	86.0295	27.1200	0.0247	0.0001	0.0004	0.0001	0.0332	22.9238	99.1151
1007	85.9612	26.6400	0.0011	0.0002	0.0003	0.0001	0.0315	22.5272	99.1484
1008	86.2291	26.1600	0.0005	0.0004	0.0003	0.0001	0.0300	22.2095	99.0708
1009	86.1096	25.6800	0.0003	0.0007	0.0003	0.0001	0.0285	21.7824	98.8934
1010	86.4710	25.2000	0.0003	0.0012	0.0003	0.0001	0.0272	21.4676	98.8750
1011	86.3401	24.7200	0.0004	0.0010	0.0003	0.0001	0.0258	21.0232	99.1688
1012	86.3937	24.2400	0.0007	0.0006	0.0003	0.0001	0.0245	20.6202	99.0862
1013	86.3265	23.7600	0.0030	0.0003	0.0003	0.0001	0.0233	20.1874	99.1873
1014	86.4838	23.2800	0.0328	0.0002	0.0003	0.0002	0.0222	19.8081	99.1930
1015	86.5179	22.8000	0.0016	0.0002	0.0003	0.0002	0.0212	19.4032	99.1707
1016	86.4418	22.3200	0.0022	0.0003	0.0003	0.0003	0.0201	18.9785	99.1736
1017	86.5341	21.8400	0.0003	0.0003	0.0004	0.0003	0.0192	18.5955	99.1698
1018	86.6103	21.3600	0.0001	0.0001	0.0004	0.0005	0.0183	18.2125	99.2375
1019	86.5736	20.8800	0.0001	0.0001	0.0005	0.0007	0.0174	17.8083	99.0968
1020	86.7325	20.4000	0.0001	0.0001	0.0005	0.0011	0.0166	17.4448	99.1623
1021	86.4350	19.9200	0.0001	0.0001	0.0006	0.0019	0.0157	16.9889	99.2338
1022	86.4645	19.4400	0.0001	0.0001	0.0007	0.0044	0.0150	16.5956	99.1873
1023	86.3731	18.9600	0.0002	0.0001	0.0008	0.0147	0.0142	16.1748	99.1237
1024	86.6352	18.4800	0.0003	0.0000	0.0009	0.0229	0.0136	15.8141	99.0113
1025	86.4520	18.0000	0.0006	0.0001	0.0011	0.0068	0.0129	15.3662	99.2093
1026	86.3758	17.7600	0.0044	0.0001	0.0014	0.0028	0.0124	15.1384	99.2144
1027	86.7953	17.5200	0.0663	0.0001	0.0018	0.0015	0.0121	14.9926	99.2118
1028	86.5064	17.2800	0.0012	0.0001	0.0022	0.0010	0.0116	14.7215	99.1909
1029	86.5042	17.0400	0.0009	0.0002	0.0029	0.0007	0.0112	14.4993	99.2078
1030	86.8535	16.8000	0.0006	0.0004	0.0038	0.0006	0.0109	14.3362	99.2662
1031	86.7676	16.5600	0.0002	0.0006	0.0049	0.0006	0.0105	14.1034	99.2587
1032	86.5202	16.3200	0.0002	0.0005	0.0065	0.0008	0.0101	13.8493	99.2753
1033	86.7906	16.0800	0.0047	0.0005	0.0084	0.0022	0.0098	13.6828	99.2799
1034	86.6982	15.8400	0.0003	0.0004	0.0107	0.0079	0.0095	13.4639	99.2743
1035	86.6082	15.6000	0.0003	0.0002	0.0134	0.0013	0.0092	13.2505	99.2884
1036	86.7837	15.3600	0.0005	0.0001	0.0160	0.0006	0.0089	13.0815	99.2750
1037	86.7924	15.1200	0.0012	0.0001	0.0184	0.0004	0.0086	12.8899	99.2629
1038	86.8976	14.8800	0.0042	0.0001	0.0201	0.0004	0.0083	12.7137	99.2728
1039	86.9973	14.6400	0.0045	0.0001	0.0209	0.0004	0.0081	12.5363	99.2702
1040	86.9969	14.4000	0.0014	0.0000	0.0206	0.0004	0.0078	12.3428	99.2677
1041	86.8293	14.1600	0.0006	0.0000	0.0193	0.0004	0.0076	12.1234	99.2605
1042	86.8148	13.9200	0.0004	0.0000	0.0172	0.0006	0.0073	11.9224	99.2600
1043	86.6977	13.6800	0.0003	0.0000	0.0148	0.0009	0.0071	11.7040	99.2591
1044	86.9783	13.4400	0.0003	0.0000	0.0124	0.0019	0.0069	11.5353	99.2509
1045	86.9413	13.2000	0.0003	0.0000	0.0102	0.0066	0.0067	11.3208	99.2386
1046	87.1111	12.9600	0.0005	0.0000	0.0085	0.0134	0.0065	11.1304	99.2229
1047	87.1622	12.7200	0.0025	0.0000	0.0073	0.0035	0.0063	10.9229	99.2117
1048	86.8411	12.4800	0.0352	0.0000	0.0064	0.0024	0.0061	10.6689	99.1933
1049	86.8239	12.2400	0.0013	0.0000	0.0060	0.0073	0.0059	10.4534	99.1353
1050	87.0218	12.0000	0.0013	0.0000	0.0059	0.0046	0.0057	10.2643	99.0922
1051	86.8507	11.8400	0.0008	0.0000	0.0063	0.0013	0.0056	10.1010	99.0976
1052	87.1584	11.6800	0.0003	0.0000	0.0072	0.0008	0.0055	9.9944	99.0517
1053	86.8892	11.5200	0.0002	0.0000	0.0084	0.0006	0.0053	9.8225	99.0118
1054	87.0775	11.3600	0.0002	0.0000	0.0093	0.0005	0.0052	9.7030	98.9690
1055	87.0824	11.2000	0.0001	0.0000	0.0092	0.0005	0.0051	9.5626	98.9040
1056	86.9441	11.0400	0.0001	0.0000	0.0084	0.0005	0.0050	9.4059	98.8291
1057	87.0129	10.8800	0.0002	0.0000	0.0078	0.0005	0.0049	9.2704	98.7401
1058	87.0246	10.7200	0.0002	0.0001	0.0078	0.0006	0.0048	9.1268	98.6423
1059	86.9553	10.5600	0.0004	0.0001	0.0083	0.0007	0.0047	8.9726	98.5543
1060	86.8101	10.4000	0.0010	0.0001	0.0092	0.0008	0.0046	8.8090	98.4918
1061	87.2626	10.2400	0.0040	0.0001	0.0104	0.0010	0.0045	8.7038	98.4415
1062	86.9491	10.0800	0.0010	0.0001	0.0116	0.0012	0.0044	8.5207	98.3756
1063	87.0803	9.9200	0.0006	0.0002	0.0126	0.0013	0.0043	8.3813	98.3090
1064	87.0491	9.7600	0.0027	0.0002	0.0133	0.0013	0.0042	8.2267	98.2407
1065	87.1124	9.6000	0.0007	0.0002	0.0133	0.0012	0.0041	8.0827	98.1504
1066	86.9746	9.4400	0.0003	0.0001	0.0129	0.0010	0.0040	7.9227	98.1665
1067	87.0975	9.2800	0.0002	0.0001	0.0123	0.0009	0.0040	7.7898	98.1813
1068	86.8990	9.1200	0.0002	0.0001	0.0117	0.0007	0.0039	7.6321	98.1863
1069	87.2657	8.9600	0.0002	0.0001	0.0111	0.0006	0.0038	7.5279	98.3710
1070	87.1220	8.8000	0.0002	0.0001	0.0099	0.0006	0.0037	7.3833	98.4462
1071	86.9105	8.6400	0.0003	0.0001	0.0083	0.0006	0.0036	7.2370	98.6947
1072	86.9461	8.4800	0.0003	0.0000	0.0066	0.0006	0.0036	7.1142	98.6776
1073	87.0186	8.3200	0.0003	0.0000	0.0051	0.0006	0.0035	6.9963	98.8259
1074	87.0392	8.1600	0.0002	0.0000	0.0040	0.0005	0.0034	6.8748	98.8609
1075	86.9731	8.0000	0.0002	0.0000	0.0033	0.0005	0.0034	6.7463	98.6850
1076	86.8924	7.7600	0.0002	0.0000	0.0027	0.0004	0.0033	6.5481	99.0965
1077	86.9942	7.5200	0.0001	0.0000	0.0024	0.0004	0.0032	6.3613	98.8246
1078	87.1222	7.2800	0.0001	0.0000	0.0021	0.0003	0.0031	6.1732	98.6789
1079	86.9559	7.0400	0.0001	0.0000	0.0020	0.0003	0.0030	5.9611	99.1393
1080	86.8967	6.8000	0.0001	0.0000	0.0019	0.0003	0.0029	5.7539	98.7087
1081	86.9199	6.5600	0.0001	0.0000	0.0019	0.0003	0.0028	5.5496	98.5119
1082	86.8296	6.3200	0.0001	0.0001	0.0020	0.0004	0.0027	5.3362	98.7460
1083	87.1368	6.0800	0.0002	0.0001	0.0022	0.0004	0.0026	5.1454	98.5963
1084	87.0465	5.8400	0.0005	0.0001	0.0024	0.0005	0.0025	4.9303	98.5226
1085	86.9046	5.6000	0.0009	0.0001	0.0027	0.0006	0.0024	4.7133	98.7061
1086	86.9536	5.3600	0.0006	0.0001	0.0033	0.0006	0.0023	4.5082	97.1325
1087	86.9106	5.1200	0.0003	0.0001	0.0040	0.0006	0.0022	4.3002	97.9446
1088	86.7708	4.8800	0.0002	0.0001	0.0051	0.0006	0.0021	4.0902	99.0585
1089	86.9693	4.6400	0.0002	0.0000	0.0065	0.0005	0.0020	3.8985	98.1718
1090	86.8207	4.4000	0.0002	0.0000	0.0080	0.0005	0.0019	3.6935	97.7369
1091	86.7927	4.1600	0.0004	0.0000	0.0092	0.0004	0.0018	3.4960	98.2069
1092	86.8611	3.9200	0.0002	0.0000	0.0091	0.0003	0.0018	3.3037	97.5278
1093	86.8620	3.6800	0.0001	0.0000	0.0078	0.0002	0.0017	3.1094	96.8882
1094	86.9406	3.4400	0.0001	0.0000	0.0061	0.0002	0.0016	2.9176	97.8623
1095	86.7017	3.2000	0.0001	0.0000	0.0047	0.0001	0.0015	2.7148	97.0301
1096	86.8789	2.9600	0.0001	0.0000	0.0036	0.0001	0.0014	2.5237	96.3640
1097	86.6287	2.7200	0.0000	0.0000	0.0029	0.0001	0.0013	2.3185	97.8808
1098	86.9395	2.4800	0.0000	0.0000	0.0025	0.0001	0.0012	2.1260	96.3715
1099	86.7530	2.2400	0.0000	0.0000	0.0022	0.0001	0.0011	1.9188	95.2341
1100	86.2667	2.0000	0.0000	0.0000	0.0021	0.0000	0.0010	1.7045	94.7194
1101	86.6130	2.0000	0.0000	0.0000	0.0024	0.0000	0.0010	1.7106	94.7194
1102	86.6378	2.0000	0.0000	0.0000	0.0027	0.0000	0.0010	1.7087	94.7194
1103	87.1538	2.0000	0.0000	0.0000	0.0029	0.0000	0.0010	1.7149	94.7194
1104	86.7317	2.0000	0.0000	0.0000	0.0027	0.0000	0.0010	1.7013	94.7194
1105	86.6562	2.0000	0.0000	0.0000	0.0024	0.0000	0.0010	1.6933	94.7194
1106	86.9775	2.0000	0.0001	0.0000	0.0021	0.0000	0.0010	1.6924	94.7194
1107	86.7427	2.0000	0.0002	0.0000	0.0019	0.0000	0.0010	1.6804	94.7194
1108	86.8217	2.0000	0.0003	0.0000	0.0019	0.0000	0.0011	1.6746	94.7194
1109	86.6750	2.0000	0.0002	0.0000	0.0019	0.0000	0.0011	1.6649	94.7194
1110	87.1160	2.0000	0.0003	0.0000	0.0020	0.0000	0.0011	1.6675	94.7194
1111	86.7722	2.0000	0.0001	0.0000	0.0023	0.0000	0.0011	1.6562	94.7194
1112	86.9008	2.0000	0.0001	0.0000	0.0027	0.0001	0.0011	1.6554	94.7194
1113	86.6749	2.0000	0.0001	0.0000	0.0033	0.0001	0.0011	1.6494	94.7194
1114	86.6794	2.0000	0.0001	0.0000	0.0040	0.0001	0.0012	1.6493	94.7194
1115	86.3757	2.0000	0.0001	0.0000	0.0048	0.0001	0.0012	1.6448	94.7194
1116	86.4785	2.0000	0.0001	0.0000	0.0052	0.0001	0.0012	1.6493	94.7194
1117	86.3829	2.0000	0.0001	0.0000	0.0052	0.0001	0.0012	1.6510	94.7194
1118	86.4235	2.0000	0.0001	0.0000	0.0051	0.0001	0.0012	1.6559	94.7194
1119	86.7285	2.0000	0.0001	0.0000	0.0051	0.0001	0.0013	1.6663	94.7194
1120	86.5114	2.0000	0.0001	0.0000	0.0048	0.0001	0.0013	1.6667	94.7194
1121	86.5054	2.0000	0.0001	0.0000	0.0043	0.0001	0.0013	1.6708	94.7194
1122	86.5579	2.0000	0.0000	0.0000	0.0036	0.0001	0.0014	1.6753	94.7194
1123	86.4015	2.0000	0.0000	0.0000	0.0030	0.0001	0.0014	1.6750	94.7194
1124	86.4104	2.0000	0.0000	0.0000	0.0026	0.0002	0.0014	1.6769	94.7194
1125	86.4109	2.0000	0.0001	0.0000	0.0023	0.0002	0.0014	1.6776	94.7194
1126	86.5904	2.0000	0.0000	0.0000	0.0021	0.0002	0.0015	1.6807	94.7194
1127	86.4993	2.0000	0.0000	0.0000	0.0019	0.0002	0.0015	1.6776	94.7194
1128	86.0746	2.0000	0.0000	0.0000	0.0017	0.0003	0.0015	1.6672	94.7194
1129	86.4169	2.0000	0.0000	0.0000	0.0016	0.0003	0.0016	1.6711	94.7194
1130	86.4499	2.0000	0.0000	0.0000	0.0016	0.0003	0.0016	1.6686	94.7194
1131	86.3064	2.0000	0.0001	0.0000	0.0015	0.0003	0.0017	1.6626	94.7194
1132	86.1946	2.0000	0.0001	0.0000	0.0014	0.0004	0.0017	1.6572	94.7194
1133	86.1570	2.0000	0.0001	0.0000	0.0014	0.0004	0.0018	1.6536	94.7194
1134	86.2175	2.0000	0.0001	0.0000	0.0014	0.0004	0.0018	1.6524	94.7194
1135	86.1816	2.0000	0.0001	0.0000	0.0013	0.0004	0.0019	1.6501	94.7194
1136	85.8526	2.0000	0.0001	0.0000	0.0013	0.0004	0.0019	1.6429	94.7194
1137	86.1217	2.0000	0.0001	0.0001	0.0013	0.0004	0.0020	1.6480	94.7194
1138	85.8665	2.0000	0.0001	0.0001	0.0013	0.0004	0.0020	1.6439	94.7194
1139	86.0256	2.0000	0.0001	0.0001	0.0013	0.0004	0.0021	1.6485	94.7194
1140	85.9344	2.0000	0.0001	0.0001	0.0013	0.0004	0.0021	1.6491	94.7194
1141	85.9568	2.0000	0.0001	0.0001	0.0013	0.0004	0.0022	1.6524	94.7194
1142	85.9417	2.0000	0.0001	0.0001	0.0013	0.0004	0.0023	1.6554	94.7194
1143	85.7405	2.0000	0.0001	0.0001	0.0013	0.0004	0.0023	1.6550	94.7194
1144	85.7669	2.0000	0.0001	0.0001	0.0013	0.0004	0.0024	1.6589	94.7194
1145	86.0399	2.0000	0.0001	0.0001	0.0013	0.0004	0.0025	1.6674	94.7194
1146	85.6806	2.0000	0.0001	0.0001	0.0013	0.0004	0.0026	1.6633	94.7194
1147	85.6977	2.0000	0.0001	0.0001	0.0013	0.0004	0.0027	1.6659	94.7194
1148	85.7593	2.0000	0.0001	0.0002	0.0014	0.0004	0.0028	1.6688	94.7194
1149	85.4606	2.0000	0.0001	0.0002	0.0014	0.0004	0.0029	1.6641	94.7194
1150	85.5583	2.0000	0.0001	0.0002	0.0014	0.0004	0.0030	1.6664	94.7194
1151	85.5895	2.0000	0.0001	0.0002	0.0015	0.0004	0.0031	1.6668	94.7194
1152	85.5910	2.0000	0.0001	0.0002	0.0016	0.0005	0.0032	1.6662	94.7194
1153	86.0771	2.0000	0.0002	0.0002	0.0017	0.0005	0.0034	1.6747	94.7194
1154	85.6377	2.0000	0.0003	0.0002	0.0018	0.0005	0.0035	1.6650	94.7194
1155	85.5402	2.0000	0.0004	0.0002	0.0019	0.0005	0.0036	1.6619	94.7194
1156	85.8336	2.0000	0.0004	0.0002	0.0021	0.0006	0.0038	1.6666	94.7194
1157	85.5788	2.0000	0.0003	0.0003	0.0023	0.0006	0.0039	1.6609	94.7194
1158	85.6332	2.0000	0.0003	0.0003	0.0026	0.0006	0.0041	1.6615	94.7194
1159	85.4651	2.0000	0.0003	0.0003	0.0030	0.0006	0.0043	1.6582	94.7194
1160	85.8755	2.0000	0.0003	0.0003	0.0034	0.0007	0.0045	1.6666	94.7194
1161	85.5134	2.0000	0.0003	0.0003	0.0039	0.0007	0.0047	1.6602	94.7194
1162	85.6160	2.0000	0.0003	0.0004	0.0045	0.0007	0.0049	1.6632	94.7194
1163	85.3699	2.0000	0.0002	0.0004	0.0051	0.0007	0.0051	1.6596	94.7194
1164	85.3502	2.0000	0.0002	0.0004	0.0057	0.0007	0.0054	1.6604	94.7194
1165	85.0277	2.0000	0.0002	0.0004	0.0061	0.0006	0.0056	1.6552	94.7194
1166	85.1043	2.0000	0.0002	0.0005	0.0064	0.0006	0.0059	1.6574	94.7194
1167	84.9864	2.0000	0.0002	0.0005	0.0065	0.0006	0.0062	1.6555	94.7194
1168	85.0019	2.0000	0.0002	0.0006	0.0063	0.0007	0.0066	1.6557	94.7194
1169	85.2771	2.0000	0.0002	0.0006	0.0061	0.0007	0.0070	1.6602	94.7194
1170	85.0393	2.0000	0.0002	0.0007	0.0059	0.0007	0.0073	1.6542	94.7194
1171	85.0089	2.0000	0.0003	0.0008	0.0058	0.0007	0.0078	1.6515	94.7194
1172	85.0357	2.0000	0.0003	0.0009	0.0057	0.0007	0.0082	1.6493	94.7194
1173	84.8575	2.0000	0.0004	0.0010	0.0057	0.0007	0.0087	1.6426	94.7194
1174	84.8415	2.0000	0.0004	0.0011	0.0058	0.0008	0.0092	1.6386	94.7194
1175	84.8171	2.0000	0.0005	0.0012	0.0058	0.0008	0.0098	1.6343	94.7194
1176	84.9680	2.0000	0.0005	0.0014	0.0058	0.0009	0.0105	1.6334	94.7194
1177	84.8539	2.0000	0.0006	0.0015	0.0056	0.0009	0.0111	1.6276	94.7194
1178	84.4127	2.0000	0.0006	0.0017	0.0054	0.0010	0.0118	1.6159	94.7194
1179	84.7238	2.0000	0.0007	0.0020	0.0052	0.0011	0.0127	1.6193	94.7194
1180	84.7340	2.0000	0.0008	0.0022	0.0050	0.0012	0.0136	1.6178	94.7194
1181	84.5714	2.0000	0.0008	0.0026	0.0049	0.0013	0.0146	1.6139	94.7194
1182	84.4398	2.0000	0.0009	0.0029	0.0049	0.0015	0.0156	1.6116	94.7194
1183	84.3811	2.0000	0.0009	0.0034	0.0049	0.0016	0.0168	1.6118	94.7194
1184	84.4184	2.0000	0.0010	0.0039	0.0051	0.0018	0.0182	1.6148	94.7194
1185	84.3614	2.0000	0.0012	0.0045	0.0054	0.0021	0.0197	1.6170	94.7194
1186	84.0181	2.0000	0.0015	0.0052	0.0059	0.0023	0.0213	1.6145	94.7194
1187	84.2592	2.0000	0.0023	0.0061	0.0064	0.0027	0.0232	1.6239	94.7194
1188	83.9883	2.0000	0.0040	0.0072	0.0070	0.0030	0.0252	1.6238	94.7194
1189	84.1220	2.0000	0.0069	0.0085	0.0077	0.0035	0.0276	1.6316	94.7194
1190	84.0111	2.0000	0.0075	0.0100	0.0084	0.0041	0.0302	1.6346	94.7194
1191	84.0116	2.0000	0.0047	0.0119	0.0089	0.0048	0.0332	1.6393	94.7194
1192	83.9755	2.0000	0.0028	0.0143	0.0092	0.0057	0.0366	1.6427	94.7194
1193	83.7576	2.0000	0.0020	0.0171	0.0094	0.0068	0.0404	1.6417	94.7194
1194	83.7621	2.0000	0.0018	0.0205	0.0094	0.0082	0.0449	1.6440	94.7194
1195	84.0068	2.0000	0.0022	0.0248	0.0092	0.0099	0.0503	1.6500	94.7194
1196	83.6354	2.0000	0.0029	0.0298	0.0088	0.0121	0.0560	1.6426	94.7194
1197	83.6309	2.0000	0.0024	0.0357	0.0084	0.0150	0.0630	1.6413	94.7194
1198	83.6700	2.0000	0.0016	0.0427	0.0080	0.0187	0.0711	1.6397	94.7194
1199	83.3579	2.0000	0.0012	0.0501	0.0076	0.0235	0.0802	1.6303	94.7194
1200	83.4321	2.0000	0.0010	0.0583	0.0074	0.0301	0.0912	1.6276	94.7194
