    0  120.0000     0.00003   360.00   5.11026e+11   2.55700e+02   3.70765e+10   3.77590e+04   1.78990e+07   7.72214e+01   1.37467e-25
    1  115.0000     0.00004   300.00   9.68133e+11   4.84400e+03   9.10672e+10   8.58370e+04   3.87520e+07   1.50164e+02   8.29324e-25
    2  110.0000     0.00007   240.00   2.14269e+12   1.07200e+05   2.57280e+11   2.21622e+05   1.28640e+08   3.40896e+02   6.61930e-24
    3  105.0000     0.00014   208.80   5.02978e+12   1.00660e+06   7.04620e+11   6.31735e+05   5.53630e+08   8.25412e+02   4.96489e-23
    4  100.0000     0.00032   195.10   1.18797e+13   4.75600e+06   1.90240e+12   1.75578e+06   2.31855e+09   2.02130e+03   3.61913e-22
    5   95.0000     0.00076   188.40   2.92176e+13   2.04680e+07   5.26320e+12   5.82908e+06   7.89480e+09   5.14624e+03   2.77013e-21
    6   90.0000     0.00184   186.90   7.13051e+13   4.99520e+07   1.35584e+13   2.23925e+07   2.21216e+10   1.30589e+04   1.83830e-20
    7   85.0000     0.00446   188.90   1.71007e+14   8.55500e+07   3.42200e+13   8.40100e+07   5.47520e+10   3.28512e+04   1.17101e-19
    8   80.0000     0.01050   198.60   3.82932e+14   1.14960e+08   8.00888e+13   2.90007e+08   1.25690e+11   7.74064e+04   6.41421e-19
    9   75.0000     0.02400   208.40   8.34114e+14   2.08675e+08   1.74452e+14   8.70519e+08   2.75451e+11   1.79460e+05   3.04336e-18
   10   70.0000     0.05220   219.60   1.72167e+15   5.16900e+08   3.60107e+14   2.22629e+09   5.68590e+11   3.98013e+05   1.29677e-17
   11   65.0000     0.10900   233.30   3.38395e+15   2.37020e+09   7.07674e+14   5.25007e+09   1.11738e+12   8.56658e+05   5.00802e-17
   12   60.0000     0.21900   247.00   6.42183e+15   7.06860e+09   1.34303e+15   1.12684e+10   2.12058e+12   1.83141e+06   1.80374e-16
   13   55.0000     0.42500   260.80   1.18030e+16   2.12580e+10   2.46829e+15   2.22356e+10   3.89730e+12   4.00359e+06   6.09246e-16
   14   50.0000     0.79780   270.70   2.13460e+16   6.62160e+10   4.46424e+15   4.12019e+10   7.04880e+12   9.46248e+06   1.99294e-15
   15   47.5000     1.09000   270.60   2.91750e+16   1.19720e+11   6.10280e+15   5.65941e+10   9.63600e+12   1.94472e+07   3.72442e-15
   16   45.0000     1.49100   264.20   4.08749e+16   2.14725e+11   8.54810e+15   7.88931e+10   1.34970e+13   4.70350e+07   7.30700e-15
   17   42.5000     2.06000   257.30   5.79881e+16   3.59786e+11   1.21283e+16   1.10329e+11   1.91499e+13   1.25925e+08   1.47095e-14
   18   40.0000     2.87100   250.40   8.30445e+16   6.06630e+11   1.73679e+16   1.54158e+11   2.74230e+13   3.34893e+08   3.01644e-14
   19   37.5000     4.04116   243.43   1.20239e+17   9.65640e+11   2.58742e+16   2.26233e+11   4.08540e+13   7.74988e+08   6.69474e-14
   20   35.0000     5.74600   236.50   1.75973e+17   1.38010e+12   3.68049e+16   3.18555e+11   5.81130e+13   1.28201e+09   1.35460e-13
   21   32.5000     8.25725   229.59   2.60502e+17   1.86095e+12   5.27516e+16   4.49589e+11   8.32920e+13   1.81980e+09   2.78273e-13
   22   30.0000    11.97000   226.50   3.82770e+17   2.50980e+12   8.00470e+16   6.68082e+11   1.26390e+14   2.35928e+09   6.40752e-13
   23   27.5000    17.43000   224.00   5.63587e+17   3.27289e+12   1.17876e+17   9.52576e+11   1.86120e+14   2.71284e+09   1.38948e-12
   24   25.0000    25.49000   221.60   8.33128e+17   4.26688e+12   1.74243e+17   1.36192e+12   2.75121e+14   3.11804e+09   3.03607e-12
   25   24.0000    29.72000   220.60   9.75787e+17   4.51827e+12   2.04088e+17   1.55014e+12   3.22245e+14   2.98809e+09   4.16521e-12
   26   23.0000    34.67000   219.60   1.14349e+18   4.76819e+12   2.39096e+17   1.77380e+12   3.77520e+14   2.95152e+09   5.71669e-12
   27   22.0000    40.47000   218.60   1.34089e+18   4.89427e+12   2.80478e+17   2.01392e+12   4.42860e+14   2.89872e+09   7.86679e-12
   28   21.0000    47.29000   217.60   1.57406e+18   4.76910e+12   3.29175e+17   2.31125e+12   5.19750e+14   2.77200e+09   1.08356e-11
   29   20.0000    55.29000   216.70   1.84799e+18   4.76857e+12   3.86441e+17   2.66214e+12   6.10170e+14   2.57011e+09   1.49337e-11
   30   19.0000    64.67000   216.70   2.16150e+18   4.39089e+12   4.52067e+17   3.07430e+12   7.13790e+14   2.29278e+09   2.04365e-11
   31   18.0000    75.65000   216.70   2.52849e+18   4.01511e+12   5.28770e+17   3.57257e+12   8.34900e+14   1.95063e+09   2.79598e-11
   32   17.0000    88.50000   216.70   2.95799e+18   3.51352e+12   6.18640e+17   4.20709e+12   9.76800e+14   1.53624e+09   3.82715e-11
   33   16.0000   103.50000   216.70   3.45934e+18   3.01229e+12   7.23558e+17   5.04840e+12   1.14246e+15   1.10438e+09   5.23536e-11
   34   15.0000   121.10000   216.70   4.04760e+18   2.63452e+12   8.46450e+17   7.47574e+12   1.33650e+15   6.92550e+08   7.16478e-11
   35   14.0000   141.70000   216.70   4.73612e+18   2.38372e+12   9.90451e+17   1.03693e+13   1.56387e+15   3.54477e+08   9.80993e-11
   36   13.0000   165.80000   216.70   5.54163e+18   2.13299e+12   1.15911e+18   2.22146e+13   1.83018e+15   2.46797e+08   1.34355e-10
   37   12.0000   194.00000   216.70   6.48417e+18   2.00834e+12   1.35620e+18   4.56594e+13   2.14137e+15   2.04404e+08   1.83928e-10
   38   11.0000   227.00000   216.80   7.58365e+18   1.63088e+12   1.58610e+18   1.01224e+14   2.50437e+15   1.98832e+08   2.51572e-10
   39   10.0000   265.00000   223.30   8.59546e+18   1.12944e+12   1.79782e+18   2.22166e+14   2.83866e+15   2.04728e+08   3.23215e-10
   40    9.0000   308.00000   229.70   9.71184e+18   8.91038e+11   2.03127e+18   5.67978e+14   3.20727e+15   2.25481e+08   4.12606e-10
   41    8.0000   356.50000   236.20   1.09318e+19   6.52680e+11   2.28646e+18   1.48101e+15   3.61020e+15   2.51620e+08   5.22790e-10
   42    7.0000   411.10001   242.70   1.22684e+19   6.15105e+11   2.56652e+18   2.59313e+15   4.05240e+15   2.82440e+08   6.58702e-10
   43    6.0000   472.20001   249.20   1.37243e+19   5.64578e+11   2.86957e+18   4.69061e+15   4.53090e+15   3.15790e+08   8.23443e-10
   44    5.0000   540.50000   255.70   1.53101e+19   5.77258e+11   3.20188e+18   7.90104e+15   5.05560e+15   3.52360e+08   1.02520e-09
   45    4.0000   616.59998   262.20   1.70327e+19   5.77145e+11   3.56136e+18   1.35753e+16   5.62320e+15   3.91920e+08   1.26833e-09
   46    3.0000   701.20001   268.70   1.89010e+19   6.27434e+11   3.95219e+18   2.22137e+16   6.24030e+15   4.34930e+08   1.56198e-09
   47    2.0000   795.00000   275.20   2.09233e+19   6.77828e+11   4.37646e+18   3.57998e+16   6.91020e+15   4.81620e+08   1.91534e-09
   48    1.0000   898.79999   281.70   2.31094e+19   6.77940e+11   4.83417e+18   5.18400e+16   7.63290e+15   5.31990e+08   2.33692e-09
   49    0.6500   937.22595   283.98   2.39057e+19   6.78599e+11   5.00069e+18   5.88009e+16   7.89583e+15   5.50316e+08   2.50338e-09